find_index_kernel(double*, double*, double*, double*, double*, double*, double*, int)
11
32
0 444 573 890 1659 7256 10072 12792 14072 14521 36490 51544 51544 51576 51576 55512 62073 62072 62073 62040 65400 83576 83544 83512 83544 83577 98124 99128 99096 99128 99128 17360 444 0 499 754 1459 7056 9808 12528 13744 14129 36098 51152 51152 51184 51184 55120 61681 61680 61681 61648 65008 83184 83152 83120 83152 83185 97732 98736 98704 98736 98736 17160 573 499 0 319 1088 6685 9501 12221 13501 13950 35919 50973 50973 51005 51005 54941 61502 61501 61502 61469 64829 83005 82973 82941 82973 83006 97553 98557 98525 98557 98557 16789 890 754 319 0 769 6366 9182 11902 13182 13631 35600 50654 50654 50686 50686 54622 61183 61182 61183 61150 64510 82686 82654 82622 82654 82687 97234 98238 98206 98238 98238 16470 1659 1459 1088 769 0 5601 8417 11137 12413 12862 34831 49885 49885 49917 49917 53853 60414 60413 60414 60381 63741 81917 81885 81853 81885 81918 96465 97469 97437 97469 97469 15701 7256 7056 6685 6366 5601 0 2816 5536 6816 7265 29234 44288 44288 44320 44320 48256 54817 54816 54817 54784 58144 76320 76288 76256 76288 76321 90868 91872 91840 91872 91872 10104 10072 9808 9501 9182 8417 2816 0 2720 4000 4449 26418 41472 41472 41504 41504 45440 52001 52000 52001 51968 55328 73504 73472 73440 73472 73505 88052 89056 89024 89056 89056 7352 12792 12528 12221 11902 11137 5536 2720 0 1280 1729 23698 38816 38752 38784 38784 42720 49281 49280 49281 49312 52672 70784 70816 70720 70752 70785 85396 86336 86304 86336 86336 4824 14072 13744 13501 13182 12413 6816 4000 1280 0 449 22418 37536 37472 37504 37504 41440 48001 48000 48001 48032 51392 69504 69536 69504 69472 69505 84116 85056 85024 85056 85056 3784 14521 14129 13950 13631 12862 7265 4449 1729 449 0 22033 37087 37087 37055 37055 40991 47552 47551 47552 47583 50943 69055 69087 69119 69087 69056 83667 84607 84639 84607 84607 3559 36490 36098 35919 35600 34831 29234 26418 23698 22418 22033 0 15118 15054 15086 15086 19022 25583 25582 25583 25614 28974 47086 47118 47086 47054 47087 61698 62638 62606 62638 62638 19194 51544 51152 50973 50654 49885 44288 41472 38816 37536 37087 15118 0 64 32 32 3968 10529 10528 10529 10496 13856 32032 32000 32096 32064 32033 46580 47584 47616 47584 47584 34184 51544 51152 50973 50654 49885 44288 41472 38752 37472 37087 15054 64 0 32 32 3968 10529 10528 10529 10560 13920 32032 32064 32032 32000 32033 46644 47584 47552 47584 47584 34248 51576 51184 51005 50686 49917 44320 41504 38784 37504 37055 15086 32 32 0 0 3936 10497 10496 10497 10528 13888 32000 32032 32064 32032 32001 46612 47552 47584 47552 47552 34216 51576 51184 51005 50686 49917 44320 41504 38784 37504 37055 15086 32 32 0 0 3936 10497 10496 10497 10528 13888 32000 32032 32064 32032 32001 46612 47552 47584 47552 47552 34216 55512 55120 54941 54622 53853 48256 45440 42720 41440 40991 19022 3968 3968 3936 3936 0 6561 6560 6561 6592 9952 28064 28096 28128 28096 28065 42676 43616 43648 43616 43616 38152 62073 61681 61502 61183 60414 54817 52001 49281 48001 47552 25583 10529 10529 10497 10497 6561 0 1 2 33 3393 21505 21537 21569 21537 21506 36117 37057 37089 37057 37057 44713 62072 61680 61501 61182 60413 54816 52000 49280 48000 47551 25582 10528 10528 10496 10496 6560 1 0 1 32 3392 21504 21536 21568 21536 21505 36116 37056 37088 37056 37056 44712 62073 61681 61502 61183 60414 54817 52001 49281 48001 47552 25583 10529 10529 10497 10497 6561 2 1 0 33 3391 21503 21535 21567 21535 21504 36115 37055 37087 37055 37055 44713 62040 61648 61469 61150 60381 54784 51968 49312 48032 47583 25614 10496 10560 10528 10528 6592 33 32 33 0 3360 21536 21504 21600 21568 21537 36084 37088 37120 37088 37088 44680 65400 65008 64829 64510 63741 58144 55328 52672 51392 50943 28974 13856 13920 13888 13888 9952 3393 3392 3391 3360 0 18176 18144 18240 18208 18177 32724 33728 33760 33728 33728 48040 83576 83184 83005 82686 81917 76320 73504 70784 69504 69055 47086 32032 32032 32000 32000 28064 21505 21504 21503 21536 18176 0 32 64 32 1 14612 15552 15584 15552 15552 66216 83544 83152 82973 82654 81885 76288 73472 70816 69536 69087 47118 32000 32064 32032 32032 28096 21537 21536 21535 21504 18144 32 0 96 64 33 14580 15584 15616 15584 15584 66184 83512 83120 82941 82622 81853 76256 73440 70720 69504 69119 47086 32096 32032 32064 32064 28128 21569 21568 21567 21600 18240 64 96 0 32 65 14676 15616 15584 15616 15616 66232 83544 83152 82973 82654 81885 76288 73472 70752 69472 69087 47054 32064 32000 32032 32032 28096 21537 21536 21535 21568 18208 32 64 32 0 33 14644 15584 15552 15584 15584 66248 83577 83185 83006 82687 81918 76321 73505 70785 69505 69056 47087 32033 32033 32001 32001 28065 21506 21505 21504 21537 18177 1 33 65 33 0 14611 15551 15583 15551 15551 66217 98124 97732 97553 97234 96465 90868 88052 85396 84116 83667 61698 46580 46644 46612 46612 42676 36117 36116 36115 36084 32724 14612 14580 14676 14644 14611 0 1004 1036 1004 1004 80764 99128 98736 98557 98238 97469 91872 89056 86336 85056 84607 62638 47584 47584 47552 47552 43616 37057 37056 37055 37088 33728 15552 15584 15616 15584 15551 1004 0 32 0 0 81768 99096 98704 98525 98206 97437 91840 89024 86304 85024 84639 62606 47616 47552 47584 47584 43648 37089 37088 37087 37120 33760 15584 15616 15584 15552 15583 1036 32 0 32 32 81800 99128 98736 98557 98238 97469 91872 89056 86336 85056 84607 62638 47584 47584 47552 47552 43616 37057 37056 37055 37088 33728 15552 15584 15616 15584 15551 1004 0 32 0 0 81768 99128 98736 98557 98238 97469 91872 89056 86336 85056 84607 62638 47584 47584 47552 47552 43616 37057 37056 37055 37088 33728 15552 15584 15616 15584 15551 1004 0 32 0 0 81768 17360 17160 16789 16470 15701 10104 7352 4824 3784 3559 19194 34184 34248 34216 34216 38152 44713 44712 44713 44680 48040 66216 66184 66232 66248 66217 80764 81768 81800 81768 81768 0 
