find_index_kernel(double*, double*, double*, double*, double*, double*, double*, int)
11
32
0 2664 3438 5340 16856 31128 55408 76560 84248 86998 132750 166160 170192 186740 195216 212952 242518 243568 255670 268848 279604 337232 335976 335568 337168 340246 361046 363696 363696 363760 363792 79384 2664 0 2994 4524 15656 29928 53824 74976 82280 84646 130398 163872 167840 184388 192864 210600 240166 241216 253318 266496 277252 334880 333624 333216 334816 337894 358694 361344 361344 361408 361440 77944 3438 2994 0 1914 13430 27702 51982 73134 80822 83572 129324 162734 166766 183314 191790 209526 239092 240142 252244 265422 276178 333806 332550 332142 333742 336820 357620 360270 360270 360334 360366 75958 5340 4524 1914 0 11516 25788 50068 71220 78908 81658 127410 160820 164852 181400 189876 207612 237178 238228 250330 263508 274264 331892 330636 330228 331828 334906 355706 358356 358356 358420 358452 74044 16856 15656 13430 11516 0 14296 38576 59728 67392 70142 115894 149304 153336 169884 178360 196096 225662 226712 238814 251992 262748 320376 319120 318712 320312 323390 344190 346840 346840 346904 346936 62528 31128 29928 27702 25788 14296 0 24280 45432 53120 55870 101622 135032 139064 155612 164088 181824 211390 212440 224542 237720 248476 306104 304848 304440 306040 309118 329918 332568 332568 332632 332664 48256 55408 53824 51982 50068 38576 24280 0 21152 28840 31590 77342 110752 114784 131332 139808 157544 187110 188160 200262 213440 224196 281824 280568 280160 281760 284838 305638 308288 308288 308352 308384 24120 76560 74976 73134 71220 59728 45432 21152 0 7688 10566 56190 89792 93632 110180 118656 136392 165958 167072 179110 192544 203108 260672 262104 259008 260672 263686 284550 287328 287136 287200 287232 15224 84248 82280 80822 78908 67392 53120 28840 7688 0 2878 48502 82104 85944 102492 110968 128704 158270 159384 171422 184856 195420 252984 254416 254520 252984 255998 276862 279640 279448 279512 279544 8752 86998 84646 83572 81658 70142 55870 31590 10566 2878 0 45816 79290 83450 99742 108218 125954 155520 156570 168672 182042 192670 250234 251538 252154 250490 253248 274048 276762 276890 276826 276794 7614 132750 130398 129324 127410 115894 101622 77342 56190 48502 45816 0 33666 37634 53990 62466 80202 109768 110882 122920 136354 146918 204482 205914 206338 204738 207496 228360 231138 231074 231010 231042 53430 166160 163872 162734 160820 149304 135032 110752 89792 82104 79290 33666 0 4288 20580 29056 46792 76358 77408 89510 102816 113508 171072 172312 172992 171328 174086 194886 197536 197728 197664 197632 86776 170192 167840 166766 164852 153336 139064 114784 93632 85944 83450 37634 4288 0 16548 25024 42760 72326 73440 85478 98912 109476 167040 168472 168704 167104 170054 190918 193696 193504 193568 193600 91064 186740 184388 183314 181400 169884 155612 131332 110180 102492 99742 53990 20580 16548 0 8476 26212 55778 56892 68930 82428 92992 150492 151924 152412 150812 153506 174370 177148 177148 177084 177052 107356 195216 192864 191790 189876 178360 164088 139808 118656 110968 108218 62466 29056 25024 8476 0 17736 47302 48416 60454 73952 84516 142016 143448 143936 142336 145030 165894 168672 168672 168608 168576 115832 212952 210600 209526 207612 196096 181824 157544 136392 128704 125954 80202 46792 42760 26212 17736 0 29566 30680 42718 56216 66780 124280 125712 126200 124600 127294 148158 150936 150936 150872 150840 133568 242518 240166 239092 237178 225662 211390 187110 165958 158270 155520 109768 76358 72326 55778 47302 29566 0 1126 13164 26662 37226 94726 96158 96646 95046 97740 118604 121382 121382 121318 121286 163134 243568 241216 240142 238228 226712 212440 188160 167072 159384 156570 110882 77408 73440 56892 48416 30680 1126 0 12102 25536 36100 93664 95032 95584 93920 96678 117478 120256 120320 120256 120224 164184 255670 253318 252244 250330 238814 224542 200262 179110 171422 168672 122920 89510 85478 68930 60454 42718 13164 12102 0 13498 24062 81562 82994 83482 81882 84576 105440 108218 108218 108154 108122 176286 268848 266496 265422 263508 251992 237720 213440 192544 184856 182042 136354 102816 98912 82428 73952 56216 26662 25536 13498 0 10756 68384 69560 70240 68576 71398 92198 94848 94976 94912 94944 189528 279604 277252 276178 274264 262748 248476 224196 203108 195420 192670 146918 113508 109476 92992 84516 66780 37226 36100 24062 10756 0 57628 58996 59484 57820 60642 81442 84220 84220 84156 84188 200284 337232 334880 333806 331892 320376 306104 281824 260672 252984 250234 204482 171072 167040 150492 142016 124280 94726 93664 81562 68384 57628 0 1432 1920 320 3014 23878 26656 26656 26592 26560 257848 335976 333624 332550 330636 319120 304848 280568 262104 254416 251538 205914 172312 168472 151924 143448 125712 96158 95032 82994 69560 58996 1432 0 3176 1512 4270 25070 27720 27912 27848 27816 258304 335568 333216 332142 330228 318712 304440 280160 259008 254520 252154 206338 172992 168704 152412 143936 126200 96646 95584 83482 70240 59484 1920 3176 0 1664 4678 25542 28320 28128 28192 28224 259480 337168 334816 333742 331828 320312 306040 281760 260672 252984 250490 204738 171328 167104 150812 142336 124600 95046 93920 81882 68576 57820 320 1512 1664 0 3078 23878 26656 26528 26592 26624 258104 340246 337894 336820 334906 323390 309118 284838 263686 255998 253248 207496 174086 170054 153506 145030 127294 97740 96678 84576 71398 60642 3014 4270 4678 3078 0 20864 23642 23642 23578 23546 260862 361046 358694 357620 355706 344190 329918 305638 284550 276862 274048 228360 194886 190918 174370 165894 148158 118604 117478 105440 92198 81442 23878 25070 25542 23878 20864 0 2778 2842 2778 2746 281662 363696 361344 360270 358356 346840 332568 308288 287328 279640 276762 231138 197536 193696 177148 168672 150936 121382 120256 108218 94848 84220 26656 27720 28320 26656 23642 2778 0 192 128 96 284312 363696 361344 360270 358356 346840 332568 308288 287136 279448 276890 231074 197728 193504 177148 168672 150936 121382 120320 108218 94976 84220 26656 27912 28128 26528 23642 2842 192 0 64 96 284504 363760 361408 360334 358420 346904 332632 308352 287200 279512 276826 231010 197664 193568 177084 168608 150872 121318 120256 108154 94912 84156 26592 27848 28192 26592 23578 2778 128 64 0 32 284440 363792 361440 360366 358452 346936 332664 308384 287232 279544 276794 231042 197632 193600 177052 168576 150840 121286 120224 108122 94944 84188 26560 27816 28224 26624 23546 2746 96 96 32 0 284408 79384 77944 75958 74044 62528 48256 24120 15224 8752 7614 53430 86776 91064 107356 115832 133568 163134 164184 176286 189528 200284 257848 258304 259480 258104 260862 281662 284312 284504 284440 284408 0 
