find_index_kernel(double*, double*, double*, double*, double*, double*, double*, int)
11
32
0 2220 2865 4450 8295 16480 39512 57944 64344 66525 112278 145720 149752 153880 153880 171616 201181 201144 205629 218840 229596 287192 286264 285816 287032 290077 310500 311832 311832 311864 311896 62048 2220 0 2495 3770 7295 15480 38192 56624 62704 64565 110318 143824 147792 151920 151920 169656 199221 199184 203669 216880 227636 285232 284304 283856 285072 288117 308540 309872 309872 309904 309936 60856 2865 2495 0 1595 5440 13625 36657 55089 61489 63670 109423 142865 146897 151025 151025 168761 198326 198289 202774 215985 226741 284337 283409 282961 284177 287222 307645 308977 308977 309009 309041 59193 4450 3770 1595 0 3845 12030 35062 53494 59894 62075 107828 141270 145302 149430 149430 167166 196731 196694 201179 214390 225146 282742 281814 281366 282582 285627 306050 307382 307382 307414 307446 57598 8295 7295 5440 3845 0 8205 31237 49669 56049 58230 103983 137425 141457 145585 145585 163321 192886 192849 197334 210545 221301 278897 277969 277521 278737 281782 302205 303537 303537 303569 303601 53753 16480 15480 13625 12030 8205 0 23032 41464 47864 50045 95798 129240 133272 137400 137400 155136 184701 184664 189149 202360 213116 270712 269784 269336 270552 273597 294020 295352 295352 295384 295416 45568 39512 38192 36657 35062 31237 23032 0 18432 24832 27013 72766 106208 110240 114368 114368 132104 161669 161632 166117 179328 190084 247680 246752 246304 247520 250565 270988 272320 272320 272352 272384 22664 57944 56624 55089 53494 49669 41464 18432 0 6400 8709 54334 87904 91808 95936 95936 113672 143237 143264 147685 161088 171716 229248 230176 227872 229152 232133 252620 254016 253888 253920 253952 10920 64344 62704 61489 59894 56049 47864 24832 6400 0 2309 47934 81504 85408 89536 89536 107272 136837 136864 141285 154688 165316 222848 223776 223904 222752 225733 246220 247616 247488 247520 247552 5528 66525 64565 63670 62075 58230 50045 27013 8709 2309 0 45817 79259 83419 87355 87355 105091 134656 134619 139104 152443 163071 220667 221467 222043 220763 223552 243975 245307 245435 245403 245371 4477 112278 110318 109423 107828 103983 95798 72766 54334 47934 45817 0 33634 37602 41602 41602 59338 88903 88930 93351 106754 117382 174914 175842 176226 175010 177799 198286 199682 199618 199586 199618 50294 145720 143824 142865 141270 137425 129240 106208 87904 81504 79259 33634 0 4224 8160 8160 25896 55461 55424 59909 73248 83876 141472 142272 142848 141568 144357 164780 166112 166240 166208 166176 83672 149752 147792 146897 145302 141457 133272 110240 91808 85408 83419 37602 4224 0 4128 4128 21864 51429 51456 55877 69280 79908 137440 138368 138624 137408 140325 160812 162208 162080 162112 162144 87896 153880 151920 151025 149430 145585 137400 114368 95936 89536 87355 41602 8160 4128 0 0 17736 47301 47328 51749 65216 75780 133312 134240 134688 133472 136197 156684 158080 158080 158048 158016 91832 153880 151920 151025 149430 145585 137400 114368 95936 89536 87355 41602 8160 4128 0 0 17736 47301 47328 51749 65216 75780 133312 134240 134688 133472 136197 156684 158080 158080 158048 158016 91832 171616 169656 168761 167166 163321 155136 132104 113672 107272 105091 59338 25896 21864 17736 17736 0 29565 29592 34013 47480 58044 115576 116504 116952 115736 118461 138948 140344 140344 140312 140280 109568 201181 199221 198326 196731 192886 184701 161669 143237 136837 134656 88903 55461 51429 47301 47301 29565 0 37 4458 17925 28489 86021 86949 87397 86181 88906 109393 110789 110789 110757 110725 139133 201144 199184 198289 196694 192849 184664 161632 143264 136864 134619 88930 55424 51456 47328 47328 29592 37 0 4485 17888 28452 86048 86912 87424 86144 88933 109356 110752 110816 110784 110752 139096 205629 203669 202774 201179 197334 189149 166117 147685 141285 139104 93351 59909 55877 51749 51749 34013 4458 4485 0 13467 24031 81563 82491 82939 81723 84448 104935 106331 106331 106299 106267 143581 218840 216880 215985 214390 210545 202360 179328 161088 154688 152443 106754 73248 69280 65216 65216 47480 17925 17888 13467 0 10756 68352 69088 69664 68384 71237 91660 92992 93056 93024 93056 156856 229596 227636 226741 225146 221301 213116 190084 171716 165316 163071 117382 83876 79908 75780 75780 58044 28489 28452 24031 10756 0 57596 58460 58972 57692 60481 80904 82300 82364 82332 82300 167548 287192 285232 284337 282742 278897 270712 247680 229248 222848 220667 174914 141472 137440 133312 133312 115576 86021 86048 81563 68352 57596 0 928 1376 160 2885 23372 24768 24768 24736 24704 225144 286264 284304 283409 281814 277969 269784 246752 230176 223776 221467 175842 142272 138368 134240 134240 116504 86949 86912 82491 69088 58460 928 0 2304 1024 3813 24236 25568 25696 25664 25632 225240 285816 283856 282961 281366 277521 269336 246304 227872 223904 222043 176226 142848 138624 134688 134688 116952 87397 87424 82939 69664 58972 1376 2304 0 1280 4261 24748 26144 26016 26048 26080 226280 287032 285072 284177 282582 278737 270552 247520 229152 222752 220763 175010 141568 137408 133472 133472 115736 86181 86144 81723 68384 57692 160 1024 1280 0 3045 23468 24864 24800 24832 24864 225240 290077 288117 287222 285627 281782 273597 250565 232133 225733 223552 177799 144357 140325 136197 136197 118461 88906 88933 84448 71237 60481 2885 3813 4261 3045 0 20487 21883 21883 21851 21819 228029 310500 308540 307645 306050 302205 294020 270988 252620 246220 243975 198286 164780 160812 156684 156684 138948 109393 109356 104935 91660 80904 23372 24236 24748 23468 20487 0 1396 1460 1428 1396 248452 311832 309872 308977 307382 303537 295352 272320 254016 247616 245307 199682 166112 162208 158080 158080 140344 110789 110752 106331 92992 82300 24768 25568 26144 24864 21883 1396 0 128 96 64 249784 311832 309872 308977 307382 303537 295352 272320 253888 247488 245435 199618 166240 162080 158080 158080 140344 110789 110816 106331 93056 82364 24768 25696 26016 24800 21883 1460 128 0 32 64 249912 311864 309904 309009 307414 303569 295384 272352 253920 247520 245403 199586 166208 162112 158048 158048 140312 110757 110784 106299 93024 82332 24736 25664 26048 24832 21851 1428 96 32 0 32 249880 311896 309936 309041 307446 303601 295416 272384 253952 247552 245371 199618 166176 162144 158016 158016 140280 110725 110752 106267 93056 82300 24704 25632 26080 24864 21819 1396 64 64 32 0 249848 62048 60856 59193 57598 53753 45568 22664 10920 5528 4477 50294 83672 87896 91832 91832 109568 139133 139096 143581 156856 167548 225144 225240 226280 225240 228029 248452 249784 249912 249880 249848 0 
