find_index_kernel(double*, double*, double*, double*, double*, double*, double*, int)
11
32
0 3108 4011 6230 18515 32784 58312 82448 92528 95663 141478 174920 178952 195500 203976 222792 254127 255208 267311 280488 291244 348872 347328 358980 370184 373327 394126 396712 396776 396840 396872 92128 3108 0 3493 5278 17115 31384 56464 80600 90232 92919 138734 172240 176208 192756 201232 220048 251383 252464 264567 277744 288500 346128 344584 356236 367440 370583 391382 393968 394032 394096 394128 90440 4011 3493 0 2233 14518 28787 54315 78451 88531 91666 137481 170923 174955 191503 199979 218795 250130 251211 263314 276491 287247 344875 343331 354983 366187 369330 390129 392715 392779 392843 392875 88131 6230 5278 2233 0 12285 26554 52082 76218 86298 89433 135248 168690 172722 189270 197746 216562 247897 248978 261081 274258 285014 342642 341098 352750 363954 367097 387896 390482 390546 390610 390642 85898 18515 17115 14518 12285 0 14297 39825 63961 74013 77148 122963 156405 160437 176985 185461 204277 235612 236693 248796 261973 272729 330357 328813 340465 351669 354812 375611 378197 378261 378325 378357 73613 32784 31384 28787 26554 14297 0 25528 49664 59744 62879 108694 142136 146168 162716 171192 190008 221343 222424 234527 247704 258460 316088 314544 326196 337400 340543 361342 363928 363992 364056 364088 59344 58312 56464 54315 52082 39825 25528 0 24136 34216 37351 83166 116608 120640 137188 145664 164480 195815 196896 208999 222176 232932 290560 289016 300668 311872 315015 335814 338400 338464 338528 338560 33976 82448 80600 78451 76218 63961 49664 24136 0 10144 13407 59030 92664 96504 113052 121528 140344 171679 172824 184863 198296 208860 266424 268144 276532 287800 290879 311742 314520 314328 314392 314424 11328 92528 90232 88531 86298 74013 59744 34216 10144 0 3263 48950 82520 86424 102972 111448 130264 161599 162680 174783 188152 198716 256344 258000 270164 277656 280799 301598 304376 304248 304312 304344 4880 95663 92919 91666 89433 77148 62879 37351 13407 3263 0 45815 79321 83417 99837 108313 127129 158464 159545 171648 184889 195581 253209 254737 267349 274841 277664 298463 301113 301177 301177 301209 3599 141478 138734 137481 135248 122963 108694 83166 59030 48950 45815 0 33698 37602 54022 62498 81314 112649 113794 125833 139266 149830 207394 209114 221534 229090 231849 252712 255490 255362 255362 255394 49414 174920 172240 170923 168690 156405 142136 116608 92664 82520 79321 33698 0 4288 20580 29056 47872 79271 80288 92391 105696 116388 173952 175480 188220 195712 198407 219206 221920 222048 221984 221952 82792 178952 176208 174955 172722 160437 146168 120640 96504 86424 83417 37602 4288 0 16548 25024 43840 75175 76320 88359 101792 112356 169920 171640 183932 191488 194375 215238 218016 217824 217888 217920 87016 195500 192756 191503 189270 176985 162716 137188 113052 102972 99837 54022 20580 16548 0 8476 27292 58691 59772 71811 85308 95872 153372 155092 167640 175196 177827 198690 201532 201468 201404 201372 103372 203976 201232 199979 197746 185461 171192 145664 121528 111448 108313 62498 29056 25024 8476 0 18816 50215 51296 63335 76832 87396 144896 146616 159164 166720 169351 190214 193056 192992 192928 192896 111848 222792 220048 218795 216562 204277 190008 164480 140344 130264 127129 81314 47872 43840 27292 18816 0 31399 32480 44519 58016 68580 126080 127800 140348 147904 150535 171398 174240 174176 174112 174080 130664 254127 251383 250130 247897 235612 221343 195815 171679 161599 158464 112649 79271 75175 58691 50215 31399 0 1159 13198 26631 37195 94759 96479 108963 116519 119214 140077 142855 142791 142727 142759 161999 255208 252464 251211 248978 236693 222424 196896 172824 162680 159545 113794 80288 76320 59772 51296 32480 1159 0 12103 25536 36100 93664 95320 107932 115424 118119 138918 141760 141760 141696 141664 163080 267311 264567 263314 261081 248796 234527 208999 184863 174783 171648 125833 92391 88359 71811 63335 44519 13198 12103 0 13497 24061 81561 83281 95829 103385 106016 126879 129721 129657 129593 129561 175183 280488 277744 276491 274258 261973 247704 222176 198296 188152 184889 139266 105696 101792 85308 76832 58016 26631 25536 13497 0 10756 68384 69848 82588 90080 92839 113638 116224 116416 116352 116384 188360 291244 288500 287247 285014 272729 258460 232932 208860 198716 195581 149830 116388 112356 95872 87396 68580 37195 36100 24061 10756 0 57628 59284 71832 79324 82083 102882 105660 105660 105596 105628 199116 348872 346128 344875 342642 330357 316088 290560 266424 256344 253209 207394 173952 169920 153372 144896 126080 94759 93664 81561 68384 57628 0 1720 14268 21824 24455 45318 48160 48096 48032 48000 256744 347328 344584 343331 341098 328813 314544 289016 268144 258000 254737 209114 175480 171640 155092 146616 127800 96479 95320 83281 69848 59284 1720 0 15812 23304 25999 46798 49448 49640 49576 49544 257344 358980 356236 354983 352750 340465 326196 300668 276532 270164 267349 221534 188220 183932 167640 159164 140348 108963 107932 95829 82588 71832 14268 15812 0 11268 14347 35210 37988 37796 37860 37892 270612 370184 367440 366187 363954 351669 337400 311872 287800 277656 274841 229090 195712 191488 175196 166720 147904 116519 115424 103385 90080 79324 21824 23304 11268 0 3143 23942 26720 26592 26656 26688 278440 373327 370583 369330 367097 354812 340543 315015 290879 280799 277664 231849 198407 194375 177827 169351 150535 119214 118119 106016 92839 82083 24455 25999 14347 3143 0 20863 23705 23641 23577 23545 281199 394126 391382 390129 387896 375611 361342 335814 311742 301598 298463 252712 219206 215238 198690 190214 171398 140077 138918 126879 113638 102882 45318 46798 35210 23942 20863 0 2842 2842 2778 2746 301998 396712 393968 392715 390482 378197 363928 338400 314520 304376 301113 255490 221920 218016 201532 193056 174240 142855 141760 129721 116224 105660 48160 49448 37988 26720 23705 2842 0 192 128 160 304584 396776 394032 392779 390546 378261 363992 338464 314328 304248 301177 255362 222048 217824 201468 192992 174176 142791 141760 129657 116416 105660 48096 49640 37796 26592 23641 2842 192 0 64 96 304776 396840 394096 392843 390610 378325 364056 338528 314392 304312 301177 255362 221984 217888 201404 192928 174112 142727 141696 129593 116352 105596 48032 49576 37860 26656 23577 2778 128 64 0 32 304712 396872 394128 392875 390642 378357 364088 338560 314424 304344 301209 255394 221952 217920 201372 192896 174080 142759 141664 129561 116384 105628 48000 49544 37892 26688 23545 2746 160 96 32 0 304744 92128 90440 88131 85898 73613 59344 33976 11328 4880 3599 49414 82792 87016 103372 111848 130664 161999 163080 175183 188360 199116 256744 257344 270612 278440 281199 301998 304584 304776 304712 304744 0 
