find_index_kernel(double*, double*, double*, double*, double*, double*, double*, int)
11
32
0 1332 1719 2670 4977 10568 30376 43368 47208 48555 78982 100616 104616 108712 108712 112648 119211 119176 123659 136968 145248 189992 189608 189448 189864 192875 207420 208392 208360 208392 208424 47120 1332 0 1497 2262 4377 9968 29584 42576 46224 47379 77806 99440 103440 107536 107536 111472 118035 118000 122483 135792 144072 188816 188432 188272 188688 191699 206244 207216 207184 207216 207248 46424 1719 1497 0 957 3264 8855 28663 41655 45495 46842 77269 98903 102903 106999 106999 110935 117498 117463 121946 135255 143535 188279 187895 187735 188151 191162 205707 206679 206647 206679 206711 45407 2670 2262 957 0 2307 7898 27706 40698 44538 45885 76312 97946 101946 106042 106042 109978 116541 116506 120989 134298 142578 187322 186938 186778 187194 190205 204750 205722 205690 205722 205754 44450 4977 4377 3264 2307 0 5603 25411 38403 42231 43578 74005 95639 99639 103735 103735 107671 114234 114199 118682 131991 140271 185015 184631 184471 184887 187898 202443 203415 203383 203415 203447 42143 10568 9968 8855 7898 5603 0 19808 32800 36640 37987 68414 90048 94048 98144 98144 102080 108643 108608 113091 126400 134680 179424 179040 178880 179296 182307 196852 197824 197792 197824 197856 36552 30376 29584 28663 27706 25411 19808 0 12992 16832 18179 48606 70240 74240 78336 78336 82272 88835 88800 93283 106592 114872 159616 159232 159072 159488 162499 177044 178016 177984 178016 178048 16840 43368 42576 41655 40698 38403 32800 12992 0 3840 5187 35614 57312 61248 65344 65344 69280 75843 75872 80291 93664 101944 146624 147008 146080 146560 149507 164116 165088 164992 165024 165056 5224 47208 46224 45495 44538 42231 36640 16832 3840 0 1347 31774 53472 57408 61504 61504 65440 72003 72032 76451 89824 98104 142784 143168 143136 142720 145667 160276 161248 161152 161184 161216 2008 48555 47379 46842 45885 43578 37987 18179 5187 1347 0 30491 52125 56189 60157 60157 64093 70656 70685 75104 88477 96757 141437 141821 141981 141565 144320 158929 159901 159933 159901 159869 1435 78982 77806 77269 76312 74005 68414 48606 35614 31774 30491 0 21698 25698 29730 29730 33666 40229 40258 44677 58050 66330 111010 111394 111490 111074 113893 128502 129474 129442 129410 129442 31926 100616 99440 98903 97946 95639 90048 70240 57312 53472 52125 21698 0 4128 8096 8096 12032 18595 18560 23043 36352 44632 89376 89696 89920 89440 92259 106804 107776 107872 107840 107808 53496 104616 103440 102903 101946 99639 94048 74240 61248 57408 56189 25698 4128 0 4096 4096 8032 14595 14624 19043 32416 40696 85376 85760 85792 85376 88259 102868 103840 103744 103776 103808 57624 108712 107536 106999 106042 103735 98144 78336 65344 61504 60157 29730 8096 4096 0 0 3936 10499 10528 14947 28320 36600 81280 81664 81824 81408 84163 98772 99744 99776 99744 99712 61592 108712 107536 106999 106042 103735 98144 78336 65344 61504 60157 29730 8096 4096 0 0 3936 10499 10528 14947 28320 36600 81280 81664 81824 81408 84163 98772 99744 99776 99744 99712 61592 112648 111472 110935 109978 107671 102080 82272 69280 65440 64093 33666 12032 8032 3936 3936 0 6563 6592 11011 24384 32664 77344 77728 77888 77472 80227 94836 95808 95840 95808 95776 65528 119211 118035 117498 116541 114234 108643 88835 75843 72003 70656 40229 18595 14595 10499 10499 6563 0 35 4454 17827 26107 70787 71171 71331 70915 73670 88279 89251 89283 89251 89219 72091 119176 118000 117463 116506 114199 108608 88800 75872 72032 70685 40258 18560 14624 10528 10528 6592 35 0 4483 17792 26072 70816 71136 71360 70880 73699 88244 89216 89312 89280 89248 72056 123659 122483 121946 120989 118682 113091 93283 80291 76451 75104 44677 23043 19043 14947 14947 11011 4454 4483 0 13373 21653 66333 66717 66877 66461 69216 83825 84797 84829 84797 84765 76539 136968 135792 135255 134298 131991 126400 106592 93664 89824 88477 58050 36352 32416 28320 28320 24384 17827 17792 13373 0 8280 53024 53344 53568 53088 55907 70452 71424 71520 71488 71456 89848 145248 144072 143535 142578 140271 134680 114872 101944 98104 96757 66330 44632 40696 36600 36600 32664 26107 26072 21653 8280 0 44744 45064 45288 44808 47627 62172 63144 63240 63208 63176 98128 189992 188816 188279 187322 185015 179424 159616 146624 142784 141437 111010 89376 85376 81280 81280 77344 70787 70816 66333 53024 44744 0 384 544 128 2883 17492 18464 18496 18464 18432 142872 189608 188432 187895 186938 184631 179040 159232 147008 143168 141821 111394 89696 85760 81664 81664 77728 71171 71136 66717 53344 45064 384 0 928 448 3267 17812 18784 18880 18848 18816 142776 189448 188272 187735 186778 184471 178880 159072 146080 143136 141981 111490 89920 85792 81824 81824 77888 71331 71360 66877 53568 45288 544 928 0 480 3427 18036 19008 18912 18944 18976 143272 189864 188688 188151 187194 184887 179296 159488 146560 142720 141565 111074 89440 85376 81408 81408 77472 70915 70880 66461 53088 44808 128 448 480 0 3011 17556 18528 18496 18528 18560 142936 192875 191699 191162 190205 187898 182307 162499 149507 145667 144320 113893 92259 88259 84163 84163 80227 73670 73699 69216 55907 47627 2883 3267 3427 3011 0 14609 15581 15613 15581 15549 145755 207420 206244 205707 204750 202443 196852 177044 164116 160276 158929 128502 106804 102868 98772 98772 94836 88279 88244 83825 70452 62172 17492 17812 18036 17556 14609 0 972 1068 1036 1004 160300 208392 207216 206679 205722 203415 197824 178016 165088 161248 159901 129474 107776 103840 99744 99744 95808 89251 89216 84797 71424 63144 18464 18784 19008 18528 15581 972 0 96 64 32 161272 208360 207184 206647 205690 203383 197792 177984 164992 161152 159933 129442 107872 103744 99776 99776 95840 89283 89312 84829 71520 63240 18496 18880 18912 18496 15613 1068 96 0 32 64 161368 208392 207216 206679 205722 203415 197824 178016 165024 161184 159901 129410 107840 103776 99744 99744 95808 89251 89280 84797 71488 63208 18464 18848 18944 18528 15581 1036 64 32 0 32 161336 208424 207248 206711 205754 203447 197856 178048 165056 161216 159869 129442 107808 103808 99712 99712 95776 89219 89248 84765 71456 63176 18432 18816 18976 18560 15549 1004 32 64 32 0 161304 47120 46424 45407 44450 42143 36552 16840 5224 2008 1435 31926 53496 57624 61592 61592 65528 72091 72056 76539 89848 98128 142872 142776 143272 142936 145755 160300 161272 161368 161336 161304 0 
