find_index_kernel(double*, double*, double*, double*, double*, double*, double*, int)
11
32
0 1776 2292 3560 6636 14824 36608 52320 57440 59172 90274 112352 116352 120480 120480 138216 167780 167744 172228 185504 194506 242976 242304 242080 242816 245860 266284 267648 267616 267648 267680 60024 1776 0 1996 3016 5836 14024 35552 51264 56128 57604 88706 110784 114784 118912 118912 136648 166212 166176 170660 183936 192938 241408 240736 240512 241248 244292 264716 266080 266048 266080 266112 59080 2292 1996 0 1276 4352 12540 34324 50036 55156 56888 87990 110068 114068 118196 118196 135932 165496 165460 169944 183220 192222 240692 240020 239796 240532 243576 264000 265364 265332 265364 265396 57740 3560 3016 1276 0 3076 11264 33048 48760 53880 55612 86714 108792 112792 116920 116920 134656 164220 164184 168668 181944 190946 239416 238744 238520 239256 242300 262724 264088 264056 264088 264120 56464 6636 5836 4352 3076 0 8204 29988 45700 50804 52536 83638 105716 109716 113844 113844 131580 161144 161108 165592 178868 187870 236340 235668 235444 236180 239224 259648 261012 260980 261012 261044 53388 14824 14024 12540 11264 8204 0 21784 37496 42616 44348 75450 97528 101528 105656 105656 123392 152956 152920 157404 170680 179682 228152 227480 227256 227992 231036 251460 252824 252792 252824 252856 45200 36608 35552 34324 33048 29988 21784 0 15712 20832 22564 53666 75744 79744 83872 83872 101608 131172 131136 135620 148896 157898 206368 205696 205472 206208 209252 229676 231040 231008 231040 231072 23528 52320 51264 50036 48760 45700 37496 15712 0 5120 6980 37954 60160 64032 68160 68160 85896 115460 115488 119908 133312 142250 190656 191328 189760 190560 193540 214028 215392 215296 215328 215360 8504 57440 56128 55156 53880 50804 42616 20832 5120 0 1860 32834 55040 58912 63040 63040 80776 110340 110368 114788 128192 137130 185536 186208 186176 185440 188420 208908 210272 210176 210208 210240 4200 59172 57604 56888 55612 52536 44348 22564 6980 1860 0 31166 53180 57372 61308 61308 79044 108608 108572 113056 126332 135334 183804 184348 184700 183900 186688 207112 208476 208572 208540 208508 3092 90274 88706 87990 86714 83638 75450 53666 37954 32834 31166 0 22206 26206 30206 30206 47942 77506 77534 81954 95358 104296 152702 153374 153534 152798 155586 176074 177438 177406 177374 177406 30314 112352 110784 110068 108792 105716 97528 75744 60160 55040 53180 22206 0 4192 8128 8128 25864 55428 55392 59876 73152 82154 130624 131168 131520 130720 133508 153932 155296 155392 155360 155328 52328 116352 114784 114068 112792 109716 101528 79744 64032 58912 57372 26206 4192 0 4128 4128 21864 51428 51456 55876 69280 78218 126624 127296 127328 126592 129508 149996 151360 151264 151296 151328 56520 120480 118912 118196 116920 113844 105656 83872 68160 63040 61308 30206 8128 4128 0 0 17736 47300 47328 51748 65152 74090 122496 123168 123392 122656 125380 145868 147232 147264 147232 147200 60456 120480 118912 118196 116920 113844 105656 83872 68160 63040 61308 30206 8128 4128 0 0 17736 47300 47328 51748 65152 74090 122496 123168 123392 122656 125380 145868 147232 147264 147232 147200 60456 138216 136648 135932 134656 131580 123392 101608 85896 80776 79044 47942 25864 21864 17736 17736 0 29564 29592 34012 47416 56354 104760 105432 105656 104920 107644 128132 129496 129528 129496 129464 78192 167780 166212 165496 164220 161144 152956 131172 115460 110340 108608 77506 55428 51428 47300 47300 29564 0 36 4456 17860 26798 75204 75876 76100 75364 78088 98576 99940 99972 99940 99908 107756 167744 166176 165460 164184 161108 152920 131136 115488 110368 108572 77534 55392 51456 47328 47328 29592 36 0 4484 17824 26762 75232 75840 76128 75328 78116 98540 99904 100000 99968 99936 107720 172228 170660 169944 168668 165592 157404 135620 119908 114788 113056 81954 59876 55876 51748 51748 34012 4456 4484 0 13404 22342 70748 71420 71644 70908 73632 94120 95484 95516 95484 95452 112204 185504 183936 183220 181944 178868 170680 148896 133312 128192 126332 95358 73152 69280 65152 65152 47416 17860 17824 13404 0 9002 57472 58016 58368 57568 60356 80780 82144 82240 82208 82176 125480 194506 192938 192222 190946 187870 179682 157898 142250 137130 135334 104296 82154 78218 74090 74090 56354 26798 26762 22342 9002 0 48470 49078 49366 48566 51354 71778 73142 73238 73206 73174 134482 242976 241408 240692 239416 236340 228152 206368 190656 185536 183804 152702 130624 126624 122496 122496 104760 75204 75232 70748 57472 48470 0 672 896 160 2884 23372 24736 24768 24736 24704 182952 242304 240736 240020 238744 235668 227480 205696 191328 186208 184348 153374 131168 127296 123168 123168 105432 75876 75840 71420 58016 49078 672 0 1568 768 3556 23980 25344 25440 25408 25376 182936 242080 240512 239796 238520 235444 227256 205472 189760 186176 184700 153534 131520 127328 123392 123392 105656 76100 76128 71644 58368 49366 896 1568 0 800 3780 24268 25632 25536 25568 25600 183656 242816 241248 240532 239256 236180 227992 206208 190560 185440 183900 152798 130720 126592 122656 122656 104920 75364 75328 70908 57568 48566 160 768 800 0 3044 23468 24832 24800 24832 24864 183048 245860 244292 243576 242300 239224 231036 209252 193540 188420 186688 155586 133508 129508 125380 125380 107644 78088 78116 73632 60356 51354 2884 3556 3780 3044 0 20488 21852 21884 21852 21820 185836 266284 264716 264000 262724 259648 251460 229676 214028 208908 207112 176074 153932 149996 145868 145868 128132 98576 98540 94120 80780 71778 23372 23980 24268 23468 20488 0 1364 1460 1428 1396 206260 267648 266080 265364 264088 261012 252824 231040 215392 210272 208476 177438 155296 151360 147232 147232 129496 99940 99904 95484 82144 73142 24736 25344 25632 24832 21852 1364 0 96 64 32 207624 267616 266048 265332 264056 260980 252792 231008 215296 210176 208572 177406 155392 151264 147264 147264 129528 99972 100000 95516 82240 73238 24768 25440 25536 24800 21884 1460 96 0 32 64 207720 267648 266080 265364 264088 261012 252824 231040 215328 210208 208540 177374 155360 151296 147232 147232 129496 99940 99968 95484 82208 73206 24736 25408 25568 24832 21852 1428 64 32 0 32 207688 267680 266112 265396 264120 261044 252856 231072 215360 210240 208508 177406 155328 151328 147200 147200 129464 99908 99936 95452 82176 73174 24704 25376 25600 24864 21820 1396 32 64 32 0 207656 60024 59080 57740 56464 53388 45200 23528 8504 4200 3092 30314 52328 56520 60456 60456 78192 107756 107720 112204 125480 134482 182952 182936 183656 183048 185836 206260 207624 207720 207688 207656 0 
