find_index_kernel(double*, double*, double*, double*, double*, double*, double*, int)
11
32
0 888 1146 1780 3318 8912 27472 37744 40304 41202 63170 78224 82256 86320 86320 90256 96818 96816 101266 114576 117936 136112 135888 135792 136016 138994 153540 154512 154512 154544 154544 32312 888 0 998 1508 2918 8512 26944 37216 39648 40418 62386 77440 81472 85536 85536 89472 96034 96032 100482 113792 117152 135328 135104 135008 135232 138210 152756 153728 153728 153760 153760 31864 1146 998 0 638 2176 7770 26330 36602 39162 40060 62028 77082 81114 85178 85178 89114 95676 95674 100124 113434 116794 134970 134746 134650 134874 137852 152398 153370 153370 153402 153402 31170 1780 1508 638 0 1538 7132 25692 35964 38524 39422 61390 76444 80476 84540 84540 88476 95038 95036 99486 112796 116156 134332 134108 134012 134236 137214 151760 152732 152732 152764 152764 30532 3318 2918 2176 1538 0 5602 24162 34434 36986 37884 59852 74906 78938 83002 83002 86938 93500 93498 97948 111258 114618 132794 132570 132474 132698 135676 150222 151194 151194 151226 151226 28994 8912 8512 7770 7132 5602 0 18560 28832 31392 32290 54258 69312 73344 77408 77408 81344 87906 87904 92354 105664 109024 127200 126976 126880 127104 130082 144628 145600 145600 145632 145632 23400 27472 26944 26330 25692 24162 18560 0 10272 12832 13730 35698 50752 54784 58848 58848 62784 69346 69344 73794 87104 90464 108640 108416 108320 108544 111522 126068 127040 127040 127072 127072 7304 37744 37216 36602 35964 34434 28832 10272 0 2560 3458 25426 40544 44512 48576 48576 52512 59074 59072 63522 76896 80256 98368 98592 98048 98336 101250 115860 116832 116768 116800 116800 11384 40304 39648 39162 38524 36986 31392 12832 2560 0 898 22866 37984 41952 46016 46016 49952 56514 56512 60962 74336 77696 95808 96032 96000 95776 98690 113300 114272 114208 114240 114240 9256 41202 40418 40060 39422 37884 32290 13730 3458 898 0 22032 37086 41118 45118 45118 49054 55616 55614 60064 73438 76798 94910 95134 95230 95006 97792 112402 113374 113374 113342 113342 8890 63170 62386 62028 61390 59852 54258 35698 25426 22866 22032 0 15118 19086 23150 23150 27086 33648 33646 38096 51470 54830 72942 73166 73198 72974 75824 90434 91406 91342 91374 91374 30922 78224 77440 77082 76444 74906 69312 50752 40544 37984 37086 15118 0 4096 8096 8096 12032 18594 18592 23042 36352 39712 57888 58048 58208 57920 60770 75316 76288 76352 76320 76320 45912 82256 81472 81114 80476 78938 73344 54784 44512 41952 41118 19086 4096 0 4064 4064 8000 14562 14560 19010 32384 35744 53856 54080 54112 53888 56738 71348 72320 72256 72288 72288 50008 86320 85536 85178 84540 83002 77408 58848 48576 46016 45118 23150 8096 4064 0 0 3936 10498 10496 14946 28320 31680 49792 50016 50112 49888 52674 67284 68256 68256 68224 68224 54008 86320 85536 85178 84540 83002 77408 58848 48576 46016 45118 23150 8096 4064 0 0 3936 10498 10496 14946 28320 31680 49792 50016 50112 49888 52674 67284 68256 68256 68224 68224 54008 90256 89472 89114 88476 86938 81344 62784 52512 49952 49054 27086 12032 8000 3936 3936 0 6562 6560 11010 24384 27744 45856 46080 46176 45952 48738 63348 64320 64320 64288 64288 57944 96818 96034 95676 95038 93500 87906 69346 59074 56514 55616 33648 18594 14562 10498 10498 6562 0 2 4452 17826 21186 39298 39522 39618 39394 42180 56790 57762 57762 57730 57730 64506 96816 96032 95674 95036 93498 87904 69344 59072 56512 55614 33646 18592 14560 10496 10496 6560 2 0 4450 17824 21184 39296 39520 39616 39392 42178 56788 57760 57760 57728 57728 64504 101266 100482 100124 99486 97948 92354 73794 63522 60962 60064 38096 23042 19010 14946 14946 11010 4452 4450 0 13374 16734 34846 35070 35166 34942 37728 52338 53310 53310 53278 53278 68954 114576 113792 113434 112796 111258 105664 87104 76896 74336 73438 51470 36352 32384 28320 28320 24384 17826 17824 13374 0 3360 21536 21696 21856 21568 24418 38964 39936 40000 39968 39968 82264 117936 117152 116794 116156 114618 109024 90464 80256 77696 76798 54830 39712 35744 31680 31680 27744 21186 21184 16734 3360 0 18176 18336 18496 18208 21058 35604 36576 36640 36608 36608 85624 136112 135328 134970 134332 132794 127200 108640 98368 95808 94910 72942 57888 53856 49792 49792 45856 39298 39296 34846 21536 18176 0 224 320 96 2882 17492 18464 18464 18432 18432 103800 135888 135104 134746 134108 132570 126976 108416 98592 96032 95134 73166 58048 54080 50016 50016 46080 39522 39520 35070 21696 18336 224 0 544 256 3106 17652 18624 18688 18656 18656 103688 135792 135008 134650 134012 132474 126880 108320 98048 96000 95230 73198 58208 54112 50112 50112 46176 39618 39616 35166 21856 18496 320 544 0 288 3202 17812 18784 18720 18752 18752 104024 136016 135232 134874 134236 132698 127104 108544 98336 95776 95006 72974 57920 53888 49888 49888 45952 39394 39392 34942 21568 18208 96 256 288 0 2978 17524 18496 18496 18528 18528 103832 138994 138210 137852 137214 135676 130082 111522 101250 98690 97792 75824 60770 56738 52674 52674 48738 42180 42178 37728 24418 21058 2882 3106 3202 2978 0 14610 15582 15582 15550 15550 106682 153540 152756 152398 151760 150222 144628 126068 115860 113300 112402 90434 75316 71348 67284 67284 63348 56790 56788 52338 38964 35604 17492 17652 17812 17524 14610 0 972 1036 1004 1004 121228 154512 153728 153370 152732 151194 145600 127040 116832 114272 113374 91406 76288 72320 68256 68256 64320 57762 57760 53310 39936 36576 18464 18624 18784 18496 15582 972 0 64 32 32 122200 154512 153728 153370 152732 151194 145600 127040 116768 114208 113374 91342 76352 72256 68256 68256 64320 57762 57760 53310 40000 36640 18464 18688 18720 18496 15582 1036 64 0 32 32 122264 154544 153760 153402 152764 151226 145632 127072 116800 114240 113342 91374 76320 72288 68224 68224 64288 57730 57728 53278 39968 36608 18432 18656 18752 18528 15550 1004 32 32 0 0 122232 154544 153760 153402 152764 151226 145632 127072 116800 114240 113342 91374 76320 72288 68224 68224 64288 57730 57728 53278 39968 36608 18432 18656 18752 18528 15550 1004 32 32 0 0 122232 32312 31864 31170 30532 28994 23400 7304 11384 9256 8890 30922 45912 50008 54008 54008 57944 64506 64504 68954 82264 85624 103800 103688 104024 103832 106682 121228 122200 122264 122232 122232 0 
