find_index_kernel(double*, double*, double*, double*, double*, double*, double*, int)
11
32
0 3552 4584 7120 20174 34440 61216 88072 99432 103016 148830 182240 186304 202852 211328 230144 261480 262560 274664 287840 298596 356224 354424 365916 377536 380648 401478 404064 404128 404192 404224 54216 3552 0 3992 6032 18574 32840 59104 85960 96808 99880 145694 179168 183168 199716 208192 227008 258344 259424 271528 284704 295460 353088 351288 362780 374400 377512 398342 400928 400992 401056 401088 52280 4584 3992 0 2552 15606 29872 56648 83504 94864 98448 144262 177672 181736 198284 206760 225576 256912 257992 270096 283272 294028 351656 349856 361348 372968 376080 396910 399496 399560 399624 399656 49648 7120 6032 2552 0 13054 27320 54096 80952 92312 95896 141710 175120 179184 195732 204208 223024 254360 255440 267544 280720 291476 349104 347304 358796 370416 373528 394358 396944 397008 397072 397104 47096 20174 18574 15606 13054 0 14298 41074 67930 79258 82842 128656 162066 166130 182678 191154 209970 241306 242386 254490 267666 278422 336050 334250 345742 357362 360474 381304 383890 383954 384018 384050 34042 34440 32840 29872 27320 14298 0 26776 53632 64992 68576 114390 147800 151864 168412 176888 195704 227040 228120 240224 253400 264156 321784 319984 331476 343096 346208 367038 369624 369688 369752 369784 47872 61216 59104 56648 54096 41074 26776 0 26856 38216 41800 87614 121024 125088 141636 150112 168928 200264 201344 213448 226624 237380 295008 293208 304700 316320 319432 340262 342848 342912 342976 343008 55880 88072 85960 83504 80952 67930 53632 26856 0 11424 15136 60758 94424 98232 114780 123256 142072 173408 174552 186592 200024 210588 268152 270128 277844 289528 292576 313470 316248 316056 316120 316152 57888 99432 96808 94864 92312 79258 64992 38216 11424 0 3712 49398 83000 86872 103420 111896 130712 162048 163128 175232 188600 199164 256792 258704 270964 278104 281216 302046 304824 304696 304760 304792 50352 103016 99880 98448 95896 82842 68576 41800 15136 3712 0 45814 79352 83416 99836 108312 127128 158464 159544 171648 184888 195580 253208 254992 267764 274840 277632 298462 301112 301176 301176 301208 48864 148830 145694 144262 141710 128656 114390 87614 60758 49398 45814 0 33730 37602 54022 62498 81314 112650 113794 125834 139266 149830 207394 209370 221950 229090 231818 252712 255490 255362 255362 255394 94678 182240 179168 177672 175120 162066 147800 121024 94424 83000 79352 33730 0 4320 20612 29088 47904 79304 80320 92424 105664 116420 173984 175704 188668 195744 198472 219238 221888 222080 222016 221984 128024 186304 183168 181736 179184 166130 151864 125088 98232 86872 83416 37602 4320 0 16548 25024 43840 75176 76320 88360 101792 112356 169920 171896 184348 191488 194344 215238 218016 217824 217888 217920 132280 202852 199716 198284 195732 182678 168412 141636 114780 103420 99836 54022 20612 16548 0 8476 27292 58692 59772 71812 85308 95872 153372 155348 168056 175196 177860 198690 201532 201468 201404 201372 148636 211328 208192 206760 204208 191154 176888 150112 123256 111896 108312 62498 29088 25024 8476 0 18816 50216 51296 63336 76832 87396 144896 146872 159580 166720 169384 190214 193056 192992 192928 192896 157112 230144 227008 225576 223024 209970 195704 168928 142072 130712 127128 81314 47904 43840 27292 18816 0 31400 32480 44520 58016 68580 126080 128056 140764 147904 150568 171398 174240 174176 174112 174080 175928 261480 258344 256912 254360 241306 227040 200264 173408 162048 158464 112650 79304 75176 58692 50216 31400 0 1160 13200 26632 37196 94760 96736 109380 116520 119184 140078 142856 142792 142728 142760 207264 262560 259424 257992 255440 242386 228120 201344 174552 163128 159544 113794 80320 76320 59772 51296 32480 1160 0 12104 25536 36100 93664 95576 108348 115424 118152 138918 141760 141760 141696 141664 208344 274664 271528 270096 267544 254490 240224 213448 186592 175232 171648 125834 92424 88360 71812 63336 44520 13200 12104 0 13496 24060 81560 83536 96244 103384 106048 126878 129720 129656 129592 129560 220448 287840 284704 283272 280720 267666 253400 226624 200024 188600 184888 139266 105664 101792 85308 76832 58016 26632 25536 13496 0 10756 68384 70104 83004 90080 92808 113638 116224 116416 116352 116384 233624 298596 295460 294028 291476 278422 264156 237380 210588 199164 195580 149830 116420 112356 95872 87396 68580 37196 36100 24060 10756 0 57628 59540 72248 79324 82052 102882 105660 105660 105596 105628 244380 356224 353088 351656 349104 336050 321784 295008 268152 256792 253208 207394 173984 169920 153372 144896 126080 94760 93664 81560 68384 57628 0 1976 14684 21824 24488 45318 48160 48096 48032 48000 302008 354424 351288 349856 347304 334250 319984 293208 270128 258704 254992 209370 175704 171896 155348 146872 128056 96736 95576 83536 70104 59540 1976 0 16484 23560 26288 47054 49704 49896 49832 49800 302720 365916 362780 361348 358796 345742 331476 304700 277844 270964 267764 221950 188668 184348 168056 159580 140764 109380 108348 96244 83004 72248 14684 16484 0 11684 14732 35626 38404 38212 38276 38308 316244 377536 374400 372968 370416 357362 343096 316320 289528 278104 274840 229090 195744 191488 175196 166720 147904 116520 115424 103384 90080 79324 21824 23560 11684 0 3112 23942 26720 26592 26656 26688 323704 380648 377512 376080 373528 360474 346208 319432 292576 281216 277632 231818 198472 194344 177860 169384 150568 119184 118152 106048 92808 82052 24488 26288 14732 3112 0 20894 23672 23608 23544 23576 326432 401478 398342 396910 394358 381304 367038 340262 313470 302046 298462 252712 219238 215238 198690 190214 171398 140078 138918 126878 113638 102882 45318 47054 35626 23942 20894 0 2842 2842 2778 2746 347262 404064 400928 399496 396944 383890 369624 342848 316248 304824 301112 255490 221888 218016 201532 193056 174240 142856 141760 129720 116224 105660 48160 49704 38404 26720 23672 2842 0 192 128 160 349848 404128 400992 399560 397008 383954 369688 342912 316056 304696 301176 255362 222080 217824 201468 192992 174176 142792 141760 129656 116416 105660 48096 49896 38212 26592 23608 2842 192 0 64 96 350040 404192 401056 399624 397072 384018 369752 342976 316120 304760 301176 255362 222016 217888 201404 192928 174112 142728 141696 129592 116352 105596 48032 49832 38276 26656 23544 2778 128 64 0 32 349976 404224 401088 399656 397104 384050 369784 343008 316152 304792 301208 255394 221984 217920 201372 192896 174080 142760 141664 129560 116384 105628 48000 49800 38308 26688 23576 2746 160 96 32 0 350008 54216 52280 49648 47096 34042 47872 55880 57888 50352 48864 94678 128024 132280 148636 157112 175928 207264 208344 220448 233624 244380 302008 302720 316244 323704 326432 347262 349848 350040 349976 350008 0 
