likelihood_kernel(double*, double*, double*, double*, double*, int*, int*, double*, unsigned char*, double*, double*, int, int, int, int, int, int, int*, double*)
11
32
0 1968 2644 4232 8076 16264 39296 57728 64128 66309 97410 119456 123488 127616 127616 145352 174916 174880 179364 192576 201642 250112 249184 248736 249952 252997 273420 274752 274752 274784 274816 67016 1968 0 2092 3368 6892 15080 37792 56224 62304 64349 95450 117496 121528 125656 125656 143392 172956 172920 177404 190616 199682 248152 247224 246776 247992 251037 271460 272792 272792 272824 272856 65544 2644 2092 0 1596 5440 13628 36660 55092 61492 63673 94774 116820 120852 124980 124980 142716 172280 172244 176728 189940 199006 247476 246548 246100 247316 250361 270784 272116 272116 272148 272180 64380 4232 3368 1596 0 3844 12032 35064 53496 59896 62077 93178 115224 119256 123384 123384 141120 170684 170648 175132 188344 197410 245880 244952 244504 245720 248765 269188 270520 270520 270552 270584 62784 8076 6892 5440 3844 0 8204 31236 49668 56052 58233 89334 111380 115412 119540 119540 137276 166840 166804 171288 184500 193566 242036 241108 240660 241876 244921 265344 266676 266676 266708 266740 58940 16264 15080 13628 12032 8204 0 23032 41464 47864 50045 81146 103192 107224 111352 111352 129088 158652 158616 163100 176312 185378 233848 232920 232472 233688 236733 257156 258488 258488 258520 258552 50752 39296 37792 36660 35064 31236 23032 0 18432 24832 27013 58114 80160 84192 88320 88320 106056 135620 135584 140068 153280 162346 210816 209888 209440 210656 213701 234124 235456 235456 235488 235520 27752 57728 56224 55092 53496 49668 41464 18432 0 6400 8709 39682 61856 65760 69888 69888 87624 117188 117216 121636 135040 143978 192384 193312 191008 192288 195269 215756 217152 217024 217056 217088 10056 64128 62304 61492 59896 56052 47864 24832 6400 0 2309 33282 55456 59360 63488 63488 81224 110788 110816 115236 128640 137578 185984 186912 187040 185888 188869 209356 210752 210624 210656 210688 4616 66309 64349 63673 62077 58233 50045 27013 8709 2309 0 31165 53211 57371 61307 61307 79043 108607 108571 113055 126395 135333 183803 184603 185179 183899 186688 207111 208443 208571 208539 208507 3187 97410 95450 94774 93178 89334 81146 58114 39682 33282 31165 0 22238 26206 30206 30206 47942 77506 77534 81954 95358 104296 152702 153630 154014 152798 155587 176074 177470 177406 177374 177406 30458 119456 117496 116820 115224 111380 103192 80160 61856 55456 53211 22238 0 4224 8160 8160 25896 55460 55424 59908 73248 82186 130656 131456 132032 130752 133541 153964 155296 155424 155392 155360 52440 123488 121528 120852 119256 115412 107224 84192 65760 59360 57371 26206 4224 0 4128 4128 21864 51428 51456 55876 69280 78218 126624 127552 127808 126592 129509 149996 151392 151264 151296 151328 56664 127616 125656 124980 123384 119540 111352 88320 69888 63488 61307 30206 8160 4128 0 0 17736 47300 47328 51748 65216 74090 122496 123424 123872 122656 125381 145868 147264 147264 147232 147200 60600 127616 125656 124980 123384 119540 111352 88320 69888 63488 61307 30206 8160 4128 0 0 17736 47300 47328 51748 65216 74090 122496 123424 123872 122656 125381 145868 147264 147264 147232 147200 60600 145352 143392 142716 141120 137276 129088 106056 87624 81224 79043 47942 25896 21864 17736 17736 0 29564 29592 34012 47480 56354 104760 105688 106136 104920 107645 128132 129528 129528 129496 129464 78336 174916 172956 172280 170684 166840 158652 135620 117188 110788 108607 77506 55460 51428 47300 47300 29564 0 36 4456 17924 26798 75204 76132 76580 75364 78089 98576 99972 99972 99940 99908 107900 174880 172920 172244 170648 166804 158616 135584 117216 110816 108571 77534 55424 51456 47328 47328 29592 36 0 4484 17888 26762 75232 76096 76608 75328 78117 98540 99936 100000 99968 99936 107864 179364 177404 176728 175132 171288 163100 140068 121636 115236 113055 81954 59908 55876 51748 51748 34012 4456 4484 0 13468 22342 70748 71676 72124 70908 73633 94120 95516 95516 95484 95452 112348 192576 190616 189940 188344 184500 176312 153280 135040 128640 126395 95358 73248 69280 65216 65216 47480 17924 17888 13468 0 9066 57536 58272 58848 57568 60421 80844 82176 82240 82208 82240 125624 201642 199682 199006 197410 193566 185378 162346 143978 137578 135333 104296 82186 78218 74090 74090 56354 26798 26762 22342 9066 0 48470 49334 49846 48566 51355 71778 73174 73238 73206 73174 134626 250112 248152 247476 245880 242036 233848 210816 192384 185984 183803 152702 130656 126624 122496 122496 104760 75204 75232 70748 57536 48470 0 928 1376 160 2885 23372 24768 24768 24736 24704 183096 249184 247224 246548 244952 241108 232920 209888 193312 186912 184603 153630 131456 127552 123424 123424 105688 76132 76096 71676 58272 49334 928 0 2304 1024 3813 24236 25568 25696 25664 25632 183288 248736 246776 246100 244504 240660 232472 209440 191008 187040 185179 154014 132032 127808 123872 123872 106136 76580 76608 72124 58848 49846 1376 2304 0 1280 4261 24748 26144 26016 26048 26080 184232 249952 247992 247316 245720 241876 233688 210656 192288 185888 183899 152798 130752 126592 122656 122656 104920 75364 75328 70908 57568 48566 160 1024 1280 0 3045 23468 24864 24800 24832 24864 183192 252997 251037 250361 248765 244921 236733 213701 195269 188869 186688 155587 133541 129509 125381 125381 107645 78089 78117 73633 60421 51355 2885 3813 4261 3045 0 20487 21883 21883 21851 21819 185981 273420 271460 270784 269188 265344 257156 234124 215756 209356 207111 176074 153964 149996 145868 145868 128132 98576 98540 94120 80844 71778 23372 24236 24748 23468 20487 0 1396 1460 1428 1396 206404 274752 272792 272116 270520 266676 258488 235456 217152 210752 208443 177470 155296 151392 147264 147264 129528 99972 99936 95516 82176 73174 24768 25568 26144 24864 21883 1396 0 128 96 64 207736 274752 272792 272116 270520 266676 258488 235456 217024 210624 208571 177406 155424 151264 147264 147264 129528 99972 100000 95516 82240 73238 24768 25696 26016 24800 21883 1460 128 0 32 64 207864 274784 272824 272148 270552 266708 258520 235488 217056 210656 208539 177374 155392 151296 147232 147232 129496 99940 99968 95484 82208 73206 24736 25664 26048 24832 21851 1428 96 32 0 32 207832 274816 272856 272180 270584 266740 258552 235520 217088 210688 208507 177406 155360 151328 147200 147200 129464 99908 99936 95452 82240 73174 24704 25632 26080 24864 21819 1396 64 64 32 0 207800 67016 65544 64380 62784 58940 50752 27752 10056 4616 3187 30458 52440 56664 60600 60600 78336 107900 107864 112348 125624 134626 183096 183288 184232 183192 185981 206404 207736 207864 207832 207800 0 
