likelihood_kernel(double*, double*, double*, double*, double*, int*, int*, double*, unsigned char*, double*, double*, int, int, int, int, int, int, int*, double*)
11
32
0 1080 1498 2452 4758 10352 30160 43152 46992 48339 70306 85360 89360 93456 93456 97392 103954 103920 108402 121712 125072 143248 142864 142704 143120 146131 160676 161648 161616 161648 161680 39304 1080 0 1094 1860 3974 9568 29184 42176 45916 47263 69230 84284 88284 92380 92380 96316 102878 102844 107326 120636 123996 142172 141788 141628 142044 145055 159600 160572 160540 160572 160604 38328 1498 1094 0 958 3264 8858 28666 41658 45498 46845 68812 83866 87866 91962 91962 95898 102460 102426 106908 120218 123578 141754 141370 141210 141626 144637 159182 160154 160122 160154 160186 37810 2452 1860 958 0 2306 7900 27708 40700 44540 45887 67854 82908 86908 91004 91004 94940 101502 101468 105950 119260 122620 140796 140412 140252 140668 143679 158224 159196 159164 159196 159228 36852 4758 3974 3264 2306 0 5602 25410 38402 42234 43581 65548 80602 84602 88698 88698 92634 99196 99162 103644 116954 120314 138490 138106 137946 138362 141373 155918 156890 156858 156890 156922 34546 10352 9568 8858 7900 5602 0 19808 32800 36640 37987 59954 75008 79008 83104 83104 87040 93602 93568 98050 111360 114720 132896 132512 132352 132768 135779 150324 151296 151264 151296 151328 28952 30160 29184 28666 27708 25410 19808 0 12992 16832 18179 40146 55200 59200 63296 63296 67232 73794 73760 78242 91552 94912 113088 112704 112544 112960 115971 130516 131488 131456 131488 131520 9336 43152 42176 41658 40700 38402 32800 12992 0 3840 5187 27154 42272 46208 50304 50304 54240 60802 60832 65250 78624 81984 100096 100480 99552 100032 102979 117588 118560 118464 118496 118528 12920 46992 45916 45498 44540 42234 36640 16832 3840 0 1347 23314 38432 42368 46464 46464 50400 56962 56992 61410 74784 78144 96256 96640 96608 96192 99139 113748 114720 114624 114656 114688 9656 48339 47263 46845 45887 43581 37987 18179 5187 1347 0 22031 37085 41149 45117 45117 49053 55615 55645 60063 73437 76797 94909 95293 95453 95037 97792 112401 113373 113405 113373 113341 9035 70306 69230 68812 67854 65548 59954 40146 27154 23314 22031 0 15118 19118 23150 23150 27086 33648 33678 38096 51470 54830 72942 73326 73422 73006 75825 90434 91406 91374 91342 91374 31066 85360 84284 83866 82908 80602 75008 55200 42272 38432 37085 15118 0 4128 8096 8096 12032 18594 18560 23042 36352 39712 57888 58208 58432 57952 60771 75316 76288 76384 76352 76320 46056 89360 88284 87866 86908 84602 79008 59200 46208 42368 41149 19118 4128 0 4096 4096 8032 14594 14624 19042 32416 35776 53888 54272 54304 53888 56771 71380 72352 72256 72288 72320 50184 93456 92380 91962 91004 88698 83104 63296 50304 46464 45117 23150 8096 4096 0 0 3936 10498 10528 14946 28320 31680 49792 50176 50336 49920 52675 67284 68256 68288 68256 68224 54152 93456 92380 91962 91004 88698 83104 63296 50304 46464 45117 23150 8096 4096 0 0 3936 10498 10528 14946 28320 31680 49792 50176 50336 49920 52675 67284 68256 68288 68256 68224 54152 97392 96316 95898 94940 92634 87040 67232 54240 50400 49053 27086 12032 8032 3936 3936 0 6562 6592 11010 24384 27744 45856 46240 46400 45984 48739 63348 64320 64352 64320 64288 58088 103954 102878 102460 101502 99196 93602 73794 60802 56962 55615 33648 18594 14594 10498 10498 6562 0 34 4452 17826 21186 39298 39682 39842 39426 42181 56790 57762 57794 57762 57730 64650 103920 102844 102426 101468 99162 93568 73760 60832 56992 55645 33678 18560 14624 10528 10528 6592 34 0 4482 17792 21152 39328 39648 39872 39392 42211 56756 57728 57824 57792 57760 64616 108402 107326 106908 105950 103644 98050 78242 65250 61410 60063 38096 23042 19042 14946 14946 11010 4452 4482 0 13374 16734 34846 35230 35390 34974 37729 52338 53310 53342 53310 53278 69098 121712 120636 120218 119260 116954 111360 91552 78624 74784 73437 51470 36352 32416 28320 28320 24384 17826 17792 13374 0 3360 21536 21856 22080 21600 24419 38964 39936 40032 40000 39968 82408 125072 123996 123578 122620 120314 114720 94912 81984 78144 76797 54830 39712 35776 31680 31680 27744 21186 21152 16734 3360 0 18176 18496 18720 18240 21059 35604 36576 36672 36640 36608 85768 143248 142172 141754 140796 138490 132896 113088 100096 96256 94909 72942 57888 53888 49792 49792 45856 39298 39328 34846 21536 18176 0 384 544 128 2883 17492 18464 18496 18464 18432 103944 142864 141788 141370 140412 138106 132512 112704 100480 96640 95293 73326 58208 54272 50176 50176 46240 39682 39648 35230 21856 18496 384 0 928 448 3267 17812 18784 18880 18848 18816 103944 142704 141628 141210 140252 137946 132352 112544 99552 96608 95453 73422 58432 54304 50336 50336 46400 39842 39872 35390 22080 18720 544 928 0 480 3427 18036 19008 18912 18944 18976 104344 143120 142044 141626 140668 138362 132768 112960 100032 96192 95037 73006 57952 53888 49920 49920 45984 39426 39392 34974 21600 18240 128 448 480 0 3011 17556 18528 18496 18528 18560 104008 146131 145055 144637 143679 141373 135779 115971 102979 99139 97792 75825 60771 56771 52675 52675 48739 42181 42211 37729 24419 21059 2883 3267 3427 3011 0 14609 15581 15613 15581 15549 106827 160676 159600 159182 158224 155918 150324 130516 117588 113748 112401 90434 75316 71380 67284 67284 63348 56790 56756 52338 38964 35604 17492 17812 18036 17556 14609 0 972 1068 1036 1004 121372 161648 160572 160154 159196 156890 151296 131488 118560 114720 113373 91406 76288 72352 68256 68256 64320 57762 57728 53310 39936 36576 18464 18784 19008 18528 15581 972 0 96 64 32 122344 161616 160540 160122 159164 156858 151264 131456 118464 114624 113405 91374 76384 72256 68288 68288 64352 57794 57824 53342 40032 36672 18496 18880 18912 18496 15613 1068 96 0 32 64 122440 161648 160572 160154 159196 156890 151296 131488 118496 114656 113373 91342 76352 72288 68256 68256 64320 57762 57792 53310 40000 36640 18464 18848 18944 18528 15581 1036 64 32 0 32 122408 161680 160604 160186 159228 156922 151328 131520 118528 114688 113341 91374 76320 72320 68224 68224 64288 57730 57760 53278 39968 36608 18432 18816 18976 18560 15549 1004 32 64 32 0 122376 39304 38328 37810 36852 34546 28952 9336 12920 9656 9035 31066 46056 50184 54152 54152 58088 64650 64616 69098 82408 85768 103944 103944 104344 104008 106827 121372 122344 122440 122408 122376 0 
