likelihood_kernel(double*, double*, double*, double*, double*, int*, int*, double*, unsigned char*, double*, double*, int, int, int, int, int, int, int*, double*)
11
32
0 1524 2071 3342 6417 12008 33064 48776 53896 55628 86118 107720 111720 115848 115848 119784 126347 126312 130795 144072 152384 197128 196456 196232 196968 200012 214556 215528 215496 215528 215560 54080 1524 0 1593 2614 5433 11024 31824 47536 52400 54110 84600 106202 110202 114330 114330 118266 124829 124794 129277 142554 150866 195610 194938 194714 195450 198494 213038 214010 213978 214010 214042 52856 2071 1593 0 1277 4352 9943 30999 46711 51831 53563 84053 105655 109655 113783 113783 117719 124282 124247 128730 142007 150319 195063 194391 194167 194903 197947 212491 213463 213431 213463 213495 52015 3342 2614 1277 0 3075 8666 29722 45434 50554 52286 82776 104378 108378 112506 112506 116442 123005 122970 127453 140730 149042 193786 193114 192890 193626 196670 211214 212186 212154 212186 212218 50738 6417 5433 4352 3075 0 5603 26659 42371 47479 49211 79701 101303 105303 109431 109431 113367 119930 119895 124378 137655 145967 190711 190039 189815 190551 193595 208139 209111 209079 209111 209143 47663 12008 11024 9943 8666 5603 0 21056 36768 41888 43620 74110 95712 99712 103840 103840 107776 114339 114304 118787 132064 140376 185120 184448 184224 184960 188004 202548 203520 203488 203520 203552 42072 33064 31824 30999 29722 26659 21056 0 15712 20832 22564 53054 74656 78656 82784 82784 86720 93283 93248 97731 111008 119320 164064 163392 163168 163904 166948 181492 182464 182432 182464 182496 21032 48776 47536 46711 45434 42371 36768 15712 0 5120 6980 37342 59072 62944 67072 67072 71008 77571 77600 82019 95424 103672 148352 149024 147456 148256 151236 165844 166816 166720 166752 166784 6792 53896 52400 51831 50554 47479 41888 20832 5120 0 1860 32222 53952 57824 61952 61952 65888 72451 72480 76899 90304 98552 143232 143904 143872 143136 146116 160724 161696 161600 161632 161664 2440 55628 54110 53563 52286 49211 43620 22564 6980 1860 0 30554 52092 56284 60220 60220 64156 70719 70684 75167 88444 96756 141500 142044 142396 141596 144384 158928 159900 159996 159964 159932 1548 86118 84600 84053 82776 79701 74110 53054 37342 32222 30554 0 21730 25730 29730 29730 33666 40229 40258 44677 58082 66330 111010 111682 111842 111106 113894 128502 129474 129442 129410 129442 32102 107720 106202 105655 104378 101303 95712 74656 59072 53952 52092 21730 0 4192 8128 8128 12064 18627 18592 23075 36352 44664 89408 89952 90304 89504 92292 106836 107808 107904 107872 107840 53640 111720 110202 109655 108378 105303 99712 78656 62944 57824 56284 25730 4192 0 4128 4128 8064 14627 14656 19075 32480 40728 85408 86080 86112 85376 88292 102900 103872 103776 103808 103840 57832 115848 114330 113783 112506 109431 103840 82784 67072 61952 60220 29730 8128 4128 0 0 3936 10499 10528 14947 28352 36600 81280 81952 82176 81440 84164 98772 99744 99776 99744 99712 61768 115848 114330 113783 112506 109431 103840 82784 67072 61952 60220 29730 8128 4128 0 0 3936 10499 10528 14947 28352 36600 81280 81952 82176 81440 84164 98772 99744 99776 99744 99712 61768 119784 118266 117719 116442 113367 107776 86720 71008 65888 64156 33666 12064 8064 3936 3936 0 6563 6592 11011 24416 32664 77344 78016 78240 77504 80228 94836 95808 95840 95808 95776 65704 126347 124829 124282 123005 119930 114339 93283 77571 72451 70719 40229 18627 14627 10499 10499 6563 0 35 4454 17859 26107 70787 71459 71683 70947 73671 88279 89251 89283 89251 89219 72267 126312 124794 124247 122970 119895 114304 93248 77600 72480 70684 40258 18592 14656 10528 10528 6592 35 0 4483 17824 26072 70816 71424 71712 70912 73700 88244 89216 89312 89280 89248 72232 130795 129277 128730 127453 124378 118787 97731 82019 76899 75167 44677 23075 19075 14947 14947 11011 4454 4483 0 13405 21653 66333 67005 67229 66493 69217 83825 84797 84829 84797 84765 76715 144072 142554 142007 140730 137655 132064 111008 95424 90304 88444 58082 36352 32480 28352 28352 24416 17859 17824 13405 0 8312 53056 53600 53952 53152 55940 70484 71456 71552 71520 71488 89992 152384 150866 150319 149042 145967 140376 119320 103672 98552 96756 66330 44664 40728 36600 36600 32664 26107 26072 21653 8312 0 44744 45352 45640 44840 47628 62172 63144 63240 63208 63176 98304 197128 195610 195063 193786 190711 185120 164064 148352 143232 141500 111010 89408 85408 81280 81280 77344 70787 70816 66333 53056 44744 0 672 896 160 2884 17492 18464 18496 18464 18432 143048 196456 194938 194391 193114 190039 184448 163392 149024 143904 142044 111682 89952 86080 81952 81952 78016 71459 71424 67005 53600 45352 672 0 1568 768 3556 18100 19072 19168 19136 19104 143128 196232 194714 194167 192890 189815 184224 163168 147456 143872 142396 111842 90304 86112 82176 82176 78240 71683 71712 67229 53952 45640 896 1568 0 800 3780 18388 19360 19264 19296 19328 143752 196968 195450 194903 193626 190551 184960 163904 148256 143136 141596 111106 89504 85376 81440 81440 77504 70947 70912 66493 53152 44840 160 768 800 0 3044 17588 18560 18528 18560 18592 143144 200012 198494 197947 196670 193595 188004 166948 151236 146116 144384 113894 92292 88292 84164 84164 80228 73671 73700 69217 55940 47628 2884 3556 3780 3044 0 14608 15580 15612 15580 15548 145932 214556 213038 212491 211214 208139 202548 181492 165844 160724 158928 128502 106836 102900 98772 98772 94836 88279 88244 83825 70484 62172 17492 18100 18388 17588 14608 0 972 1068 1036 1004 160476 215528 214010 213463 212186 209111 203520 182464 166816 161696 159900 129474 107808 103872 99744 99744 95808 89251 89216 84797 71456 63144 18464 19072 19360 18560 15580 972 0 96 64 32 161448 215496 213978 213431 212154 209079 203488 182432 166720 161600 159996 129442 107904 103776 99776 99776 95840 89283 89312 84829 71552 63240 18496 19168 19264 18528 15612 1068 96 0 32 64 161544 215528 214010 213463 212186 209111 203520 182464 166752 161632 159964 129410 107872 103808 99744 99744 95808 89251 89280 84797 71520 63208 18464 19136 19296 18560 15580 1036 64 32 0 32 161512 215560 214042 213495 212218 209143 203552 182496 166784 161664 159932 129442 107840 103840 99712 99712 95776 89219 89248 84765 71488 63176 18432 19104 19328 18592 15548 1004 32 64 32 0 161480 54080 52856 52015 50738 47663 42072 21032 6792 2440 1548 32102 53640 57832 61768 61768 65704 72267 72232 76715 89992 98304 143048 143128 143752 143144 145932 160476 161448 161544 161512 161480 0 
