likelihood_kernel(double*, double*, double*, double*, double*, int*, int*, double*, unsigned char*, double*, double*, int, int, int, int, int, int, int*, double*)
11
32
0 3300 4363 6902 19955 34224 61000 87856 99216 102800 148614 182024 186088 202636 211112 229928 261263 262344 274447 287624 298380 356008 354208 365700 377320 380432 401262 403848 403912 403976 404008 99120 3300 0 3589 5630 18171 32440 58704 85560 96408 99514 145328 178768 182802 199350 207826 226642 257977 259058 271161 284338 295094 352722 350922 362414 374034 377146 397976 400562 400626 400690 400722 96904 4363 3589 0 2553 15606 29875 56651 83507 94867 98451 144265 177675 181739 198287 206763 225579 256914 257995 270098 283275 294031 351659 349859 361351 372971 376083 396913 399499 399563 399627 399659 94771 6902 5630 2553 0 13053 27322 54098 80954 92314 95898 141712 175122 179186 195734 204210 223026 254361 255442 267545 280722 291478 349106 347306 358798 370418 373530 394360 396946 397010 397074 397106 92218 19955 18171 15606 13053 0 14297 41073 67929 79261 82845 128659 162069 166133 182681 191157 209973 241308 242389 254492 267669 278425 336053 334253 345745 357365 360477 381307 383893 383957 384021 384053 79165 34224 32440 29875 27322 14297 0 26776 53632 64992 68576 114390 147800 151864 168412 176888 195704 227039 228120 240223 253400 264156 321784 319984 331476 343096 346208 367038 369624 369688 369752 369784 64896 61000 58704 56651 54098 41073 26776 0 26856 38216 41800 87614 121024 125088 141636 150112 168928 200263 201344 213447 226624 237380 295008 293208 304700 316320 319432 340262 342848 342912 342976 343008 38200 87856 85560 83507 80954 67929 53632 26856 0 11424 15136 60758 94424 98232 114780 123256 142072 173407 174552 186591 200024 210588 268152 270128 277844 289528 292576 313470 316248 316056 316120 316152 12864 99216 96408 94867 92314 79261 64992 38216 11424 0 3712 49398 83000 86872 103420 111896 130712 162047 163128 175231 188600 199164 256792 258704 270964 278104 281216 302046 304824 304696 304760 304792 5280 102800 99514 98451 95898 82845 68576 41800 15136 3712 0 45814 79352 83416 99836 108312 127128 158463 159544 171647 184888 195580 253208 254992 267764 274840 277632 298462 301112 301176 301176 301208 3744 148614 145328 144265 141712 128659 114390 87614 60758 49398 45814 0 33730 37602 54022 62498 81314 112649 113794 125833 139266 149830 207394 209370 221950 229090 231818 252712 255490 255362 255362 255394 49558 182024 178768 177675 175122 162069 147800 121024 94424 83000 79352 33730 0 4320 20612 29088 47904 79303 80320 92423 105664 116420 173984 175704 188668 195744 198472 219238 221888 222080 222016 221984 82904 186088 182802 181739 179186 166133 151864 125088 98232 86872 83416 37602 4320 0 16548 25024 43840 75175 76320 88359 101792 112356 169920 171896 184348 191488 194344 215238 218016 217824 217888 217920 87160 202636 199350 198287 195734 182681 168412 141636 114780 103420 99836 54022 20612 16548 0 8476 27292 58691 59772 71811 85308 95872 153372 155348 168056 175196 177860 198690 201532 201468 201404 201372 103516 211112 207826 206763 204210 191157 176888 150112 123256 111896 108312 62498 29088 25024 8476 0 18816 50215 51296 63335 76832 87396 144896 146872 159580 166720 169384 190214 193056 192992 192928 192896 111992 229928 226642 225579 223026 209973 195704 168928 142072 130712 127128 81314 47904 43840 27292 18816 0 31399 32480 44519 58016 68580 126080 128056 140764 147904 150568 171398 174240 174176 174112 174080 130808 261263 257977 256914 254361 241308 227039 200263 173407 162047 158463 112649 79303 75175 58691 50215 31399 0 1159 13198 26631 37195 94759 96735 109379 116519 119183 140077 142855 142791 142727 142759 162143 262344 259058 257995 255442 242389 228120 201344 174552 163128 159544 113794 80320 76320 59772 51296 32480 1159 0 12103 25536 36100 93664 95576 108348 115424 118152 138918 141760 141760 141696 141664 163224 274447 271161 270098 267545 254492 240223 213447 186591 175231 171647 125833 92423 88359 71811 63335 44519 13198 12103 0 13497 24061 81561 83537 96245 103385 106049 126879 129721 129657 129593 129561 175327 287624 284338 283275 280722 267669 253400 226624 200024 188600 184888 139266 105664 101792 85308 76832 58016 26631 25536 13497 0 10756 68384 70104 83004 90080 92808 113638 116224 116416 116352 116384 188504 298380 295094 294031 291478 278425 264156 237380 210588 199164 195580 149830 116420 112356 95872 87396 68580 37195 36100 24061 10756 0 57628 59540 72248 79324 82052 102882 105660 105660 105596 105628 199260 356008 352722 351659 349106 336053 321784 295008 268152 256792 253208 207394 173984 169920 153372 144896 126080 94759 93664 81561 68384 57628 0 1976 14684 21824 24488 45318 48160 48096 48032 48000 256888 354208 350922 349859 347306 334253 319984 293208 270128 258704 254992 209370 175704 171896 155348 146872 128056 96735 95576 83537 70104 59540 1976 0 16484 23560 26288 47054 49704 49896 49832 49800 257696 365700 362414 361351 358798 345745 331476 304700 277844 270964 267764 221950 188668 184348 168056 159580 140764 109379 108348 96245 83004 72248 14684 16484 0 11684 14732 35626 38404 38212 38276 38308 271124 377320 374034 372971 370418 357365 343096 316320 289528 278104 274840 229090 195744 191488 175196 166720 147904 116519 115424 103385 90080 79324 21824 23560 11684 0 3112 23942 26720 26592 26656 26688 278584 380432 377146 376083 373530 360477 346208 319432 292576 281216 277632 231818 198472 194344 177860 169384 150568 119183 118152 106049 92808 82052 24488 26288 14732 3112 0 20894 23672 23608 23544 23576 281312 401262 397976 396913 394360 381307 367038 340262 313470 302046 298462 252712 219238 215238 198690 190214 171398 140077 138918 126879 113638 102882 45318 47054 35626 23942 20894 0 2842 2842 2778 2746 302142 403848 400562 399499 396946 383893 369624 342848 316248 304824 301112 255490 221888 218016 201532 193056 174240 142855 141760 129721 116224 105660 48160 49704 38404 26720 23672 2842 0 192 128 160 304728 403912 400626 399563 397010 383957 369688 342912 316056 304696 301176 255362 222080 217824 201468 192992 174176 142791 141760 129657 116416 105660 48096 49896 38212 26592 23608 2842 192 0 64 96 304920 403976 400690 399627 397074 384021 369752 342976 316120 304760 301176 255362 222016 217888 201404 192928 174112 142727 141696 129593 116352 105596 48032 49832 38276 26656 23544 2778 128 64 0 32 304856 404008 400722 399659 397106 384053 369784 343008 316152 304792 301208 255394 221984 217920 201372 192896 174080 142759 141664 129561 116384 105628 48000 49800 38308 26688 23576 2746 160 96 32 0 304888 99120 96904 94771 92218 79165 64896 38200 12864 5280 3744 49558 82904 87160 103516 111992 130808 162143 163224 175327 188504 199260 256888 257696 271124 278584 281312 302142 304728 304920 304856 304888 0 
