normalize_weights_kernel(double*, int, double*, double*, double*, int*)
11
32
0 2220 2865 4450 8295 16480 39512 57944 64344 66525 97626 119672 123704 127832 127832 145568 175133 175096 179581 192792 201858 250328 249400 248952 250168 253213 273636 274968 274968 275000 275032 67160 2220 0 2495 3770 7295 15480 38192 56624 62704 64565 95666 117776 121744 125872 125872 143608 173173 173136 177621 190832 199898 248368 247440 246992 248208 251253 271676 273008 273008 273040 273072 65920 2865 2495 0 1595 5440 13625 36657 55089 61489 63670 94771 116817 120849 124977 124977 142713 172278 172241 176726 189937 199003 247473 246545 246097 247313 250358 270781 272113 272113 272145 272177 64305 4450 3770 1595 0 3845 12030 35062 53494 59894 62075 93176 115222 119254 123382 123382 141118 170683 170646 175131 188342 197408 245878 244950 244502 245718 248763 269186 270518 270518 270550 270582 62710 8295 7295 5440 3845 0 8205 31237 49669 56049 58230 89331 111377 115409 119537 119537 137273 166838 166801 171286 184497 193563 242033 241105 240657 241873 244918 265341 266673 266673 266705 266737 58865 16480 15480 13625 12030 8205 0 23032 41464 47864 50045 81146 103192 107224 111352 111352 129088 158653 158616 163101 176312 185378 233848 232920 232472 233688 236733 257156 258488 258488 258520 258552 50680 39512 38192 36657 35062 31237 23032 0 18432 24832 27013 58114 80160 84192 88320 88320 106056 135621 135584 140069 153280 162346 210816 209888 209440 210656 213701 234124 235456 235456 235488 235520 27728 57944 56624 55089 53494 49669 41464 18432 0 6400 8709 39682 61856 65760 69888 69888 87624 117189 117216 121637 135040 143978 192384 193312 191008 192288 195269 215756 217152 217024 217056 217088 10080 64344 62704 61489 59894 56049 47864 24832 6400 0 2309 33282 55456 59360 63488 63488 81224 110789 110816 115237 128640 137578 185984 186912 187040 185888 188869 209356 210752 210624 210656 210688 4640 66525 64565 63670 62075 58230 50045 27013 8709 2309 0 31165 53211 57371 61307 61307 79043 108608 108571 113056 126395 135333 183803 184603 185179 183899 186688 207111 208443 208571 208539 208507 3211 97626 95666 94771 93176 89331 81146 58114 39682 33282 31165 0 22238 26206 30206 30206 47942 77507 77534 81955 95358 104296 152702 153630 154014 152798 155587 176074 177470 177406 177374 177406 30530 119672 117776 116817 115222 111377 103192 80160 61856 55456 53211 22238 0 4224 8160 8160 25896 55461 55424 59909 73248 82186 130656 131456 132032 130752 133541 153964 155296 155424 155392 155360 52512 123704 121744 120849 119254 115409 107224 84192 65760 59360 57371 26206 4224 0 4128 4128 21864 51429 51456 55877 69280 78218 126624 127552 127808 126592 129509 149996 151392 151264 151296 151328 56736 127832 125872 124977 123382 119537 111352 88320 69888 63488 61307 30206 8160 4128 0 0 17736 47301 47328 51749 65216 74090 122496 123424 123872 122656 125381 145868 147264 147264 147232 147200 60672 127832 125872 124977 123382 119537 111352 88320 69888 63488 61307 30206 8160 4128 0 0 17736 47301 47328 51749 65216 74090 122496 123424 123872 122656 125381 145868 147264 147264 147232 147200 60672 145568 143608 142713 141118 137273 129088 106056 87624 81224 79043 47942 25896 21864 17736 17736 0 29565 29592 34013 47480 56354 104760 105688 106136 104920 107645 128132 129528 129528 129496 129464 78408 175133 173173 172278 170683 166838 158653 135621 117189 110789 108608 77507 55461 51429 47301 47301 29565 0 37 4458 17925 26799 75205 76133 76581 75365 78090 98577 99973 99973 99941 99909 107973 175096 173136 172241 170646 166801 158616 135584 117216 110816 108571 77534 55424 51456 47328 47328 29592 37 0 4485 17888 26762 75232 76096 76608 75328 78117 98540 99936 100000 99968 99936 107936 179581 177621 176726 175131 171286 163101 140069 121637 115237 113056 81955 59909 55877 51749 51749 34013 4458 4485 0 13467 22341 70747 71675 72123 70907 73632 94119 95515 95515 95483 95451 112421 192792 190832 189937 188342 184497 176312 153280 135040 128640 126395 95358 73248 69280 65216 65216 47480 17925 17888 13467 0 9066 57536 58272 58848 57568 60421 80844 82176 82240 82208 82240 125696 201858 199898 199003 197408 193563 185378 162346 143978 137578 135333 104296 82186 78218 74090 74090 56354 26799 26762 22341 9066 0 48470 49334 49846 48566 51355 71778 73174 73238 73206 73174 134698 250328 248368 247473 245878 242033 233848 210816 192384 185984 183803 152702 130656 126624 122496 122496 104760 75205 75232 70747 57536 48470 0 928 1376 160 2885 23372 24768 24768 24736 24704 183168 249400 247440 246545 244950 241105 232920 209888 193312 186912 184603 153630 131456 127552 123424 123424 105688 76133 76096 71675 58272 49334 928 0 2304 1024 3813 24236 25568 25696 25664 25632 183312 248952 246992 246097 244502 240657 232472 209440 191008 187040 185179 154014 132032 127808 123872 123872 106136 76581 76608 72123 58848 49846 1376 2304 0 1280 4261 24748 26144 26016 26048 26080 184304 250168 248208 247313 245718 241873 233688 210656 192288 185888 183899 152798 130752 126592 122656 122656 104920 75365 75328 70907 57568 48566 160 1024 1280 0 3045 23468 24864 24800 24832 24864 183264 253213 251253 250358 248763 244918 236733 213701 195269 188869 186688 155587 133541 129509 125381 125381 107645 78090 78117 73632 60421 51355 2885 3813 4261 3045 0 20487 21883 21883 21851 21819 186053 273636 271676 270781 269186 265341 257156 234124 215756 209356 207111 176074 153964 149996 145868 145868 128132 98577 98540 94119 80844 71778 23372 24236 24748 23468 20487 0 1396 1460 1428 1396 206476 274968 273008 272113 270518 266673 258488 235456 217152 210752 208443 177470 155296 151392 147264 147264 129528 99973 99936 95515 82176 73174 24768 25568 26144 24864 21883 1396 0 128 96 64 207808 274968 273008 272113 270518 266673 258488 235456 217024 210624 208571 177406 155424 151264 147264 147264 129528 99973 100000 95515 82240 73238 24768 25696 26016 24800 21883 1460 128 0 32 64 207936 275000 273040 272145 270550 266705 258520 235488 217056 210656 208539 177374 155392 151296 147232 147232 129496 99941 99968 95483 82208 73206 24736 25664 26048 24832 21851 1428 96 32 0 32 207904 275032 273072 272177 270582 266737 258552 235520 217088 210688 208507 177406 155360 151328 147200 147200 129464 99909 99936 95451 82240 73174 24704 25632 26080 24864 21819 1396 64 64 32 0 207872 67160 65920 64305 62710 58865 50680 27728 10080 4640 3211 30530 52512 56736 60672 60672 78408 107973 107936 112421 125696 134698 183168 183312 184304 183264 186053 206476 207808 207936 207904 207872 0 
