normalize_weights_kernel(double*, int, double*, double*, double*, int*)
11
32
0 3108 4011 6230 18515 32784 58312 82184 91120 94255 140070 173512 177544 194092 202568 220304 249839 250920 263023 276200 286956 344584 343040 342632 344456 347599 368398 370984 371048 371112 371144 86488 3108 0 3493 5278 17115 31384 56464 80336 88824 91511 137326 170832 174800 191348 199824 217560 247095 248176 260279 273456 284212 341840 340296 339888 341712 344855 365654 368240 368304 368368 368400 84752 4011 3493 0 2233 14518 28787 54315 78187 87123 90258 136073 169515 173547 190095 198571 216307 245842 246923 259026 272203 282959 340587 339043 338635 340459 343602 364401 366987 367051 367115 367147 82491 6230 5278 2233 0 12285 26554 52082 75954 84890 88025 133840 167282 171314 187862 196338 214074 243609 244690 256793 269970 280726 338354 336810 336402 338226 341369 362168 364754 364818 364882 364914 80258 18515 17115 14518 12285 0 14297 39825 63697 72605 75740 121555 154997 159029 175577 184053 201789 231324 232405 244508 257685 268441 326069 324525 324117 325941 329084 349883 352469 352533 352597 352629 67973 32784 31384 28787 26554 14297 0 25528 49400 58336 61471 107286 140728 144760 161308 169784 187520 217055 218136 230239 243416 254172 311800 310256 309848 311672 314815 335614 338200 338264 338328 338360 53704 58312 56464 54315 52082 39825 25528 0 23872 32808 35943 81758 115200 119232 135780 144256 161992 191527 192608 204711 217888 228644 286272 284728 284320 286144 289287 310086 312672 312736 312800 312832 28288 82184 80336 78187 75954 63697 49400 23872 0 9000 12263 57886 91520 95360 111908 120384 138120 167655 168800 180839 194272 204836 262400 264120 260448 262336 265415 286278 289056 288864 288928 288960 16800 91120 88824 87123 84890 72605 58336 32808 9000 0 3263 48950 82520 86424 102972 111448 129184 158719 159800 171903 185272 195836 253464 255120 255224 253336 256479 277278 280056 279928 279992 280024 9160 94255 91511 90258 88025 75740 61471 35943 12263 3263 0 45815 79321 83417 99837 108313 126049 155584 156665 168768 182009 192701 250329 251857 252409 250521 253344 274143 276793 276857 276857 276889 7831 140070 137326 136073 133840 121555 107286 81758 57886 48950 45815 0 33698 37602 54022 62498 80234 109769 110914 122953 136386 146950 204514 206234 206594 204770 207529 228392 231170 231042 231042 231074 53646 173512 170832 169515 167282 154997 140728 115200 91520 82520 79321 33698 0 4288 20580 29056 46792 76391 77408 89511 102816 113508 171072 172600 173280 171392 174087 194886 197600 197728 197664 197632 87024 177544 174800 173547 171314 159029 144760 119232 95360 86424 83417 37602 4288 0 16548 25024 42760 72295 73440 85479 98912 109476 167040 168760 168992 167168 170055 190918 193696 193504 193568 193600 91248 194092 191348 190095 187862 175577 161308 135780 111908 102972 99837 54022 20580 16548 0 8476 26212 55811 56892 68931 82428 92992 150492 152212 152700 150876 153507 174370 177212 177148 177084 177052 107604 202568 199824 198571 196338 184053 169784 144256 120384 111448 108313 62498 29056 25024 8476 0 17736 47335 48416 60455 73952 84516 142016 143736 144224 142400 145031 165894 168736 168672 168608 168576 116080 220304 217560 216307 214074 201789 187520 161992 138120 129184 126049 80234 46792 42760 26212 17736 0 29599 30680 42719 56216 66780 124280 126000 126488 124664 127295 148158 151000 150936 150872 150840 133816 249839 247095 245842 243609 231324 217055 191527 167655 158719 155584 109769 76391 72295 55811 47335 29599 0 1159 13198 26631 37195 94759 96479 96903 95079 97774 118637 121415 121351 121287 121319 163351 250920 248176 246923 244690 232405 218136 192608 168800 159800 156665 110914 77408 73440 56892 48416 30680 1159 0 12103 25536 36100 93664 95320 95872 93984 96679 117478 120320 120320 120256 120224 164432 263023 260279 259026 256793 244508 230239 204711 180839 171903 168768 122953 89511 85479 68931 60455 42719 13198 12103 0 13497 24061 81561 83281 83769 81945 84576 105439 108281 108217 108153 108121 176535 276200 273456 272203 269970 257685 243416 217888 194272 185272 182009 136386 102816 98912 82428 73952 56216 26631 25536 13497 0 10756 68384 69848 70528 68640 71399 92198 94784 94976 94912 94944 189712 286956 284212 282959 280726 268441 254172 228644 204836 195836 192701 146950 113508 109476 92992 84516 66780 37195 36100 24061 10756 0 57628 59284 59772 57884 60643 81442 84220 84220 84156 84188 200468 344584 341840 340587 338354 326069 311800 286272 262400 253464 250329 204514 171072 167040 150492 142016 124280 94759 93664 81561 68384 57628 0 1720 2208 384 3015 23878 26720 26656 26592 26560 258096 343040 340296 339043 336810 324525 310256 284728 264120 255120 251857 206234 172600 168760 152212 143736 126000 96479 95320 83281 69848 59284 1720 0 3752 1864 4559 25358 28008 28200 28136 28104 258744 342632 339888 338635 336402 324117 309848 284320 260448 255224 252409 206594 173280 168992 152700 144224 126488 96903 95872 83769 70528 59772 2208 3752 0 1888 4967 25830 28608 28416 28480 28512 259904 344456 341712 340459 338226 325941 311672 286144 262336 253336 250521 204770 171392 167168 150876 142400 124664 95079 93984 81945 68640 57884 384 1864 1888 0 3143 23942 26720 26592 26656 26688 258352 347599 344855 343602 341369 329084 314815 289287 265415 256479 253344 207529 174087 170055 153507 145031 127295 97774 96679 84576 71399 60643 3015 4559 4967 3143 0 20863 23705 23641 23577 23545 261111 368398 365654 364401 362168 349883 335614 310086 286278 277278 274143 228392 194886 190918 174370 165894 148158 118637 117478 105439 92198 81442 23878 25358 25830 23942 20863 0 2842 2842 2778 2746 281910 370984 368240 366987 364754 352469 338200 312672 289056 280056 276793 231170 197600 193696 177212 168736 151000 121415 120320 108281 94784 84220 26720 28008 28608 26720 23705 2842 0 192 128 160 284496 371048 368304 367051 364818 352533 338264 312736 288864 279928 276857 231042 197728 193504 177148 168672 150936 121351 120320 108217 94976 84220 26656 28200 28416 26592 23641 2842 192 0 64 96 284688 371112 368368 367115 364882 352597 338328 312800 288928 279992 276857 231042 197664 193568 177084 168608 150872 121287 120256 108153 94912 84156 26592 28136 28480 26656 23577 2778 128 64 0 32 284624 371144 368400 367147 364914 352629 338360 312832 288960 280024 276889 231074 197632 193600 177052 168576 150840 121319 120224 108121 94944 84188 26560 28104 28512 26688 23545 2746 160 96 32 0 284656 86488 84752 82491 80258 67973 53704 28288 16800 9160 7831 53646 87024 91248 107604 116080 133816 163351 164432 176535 189712 200468 258096 258744 259904 258352 261111 281910 284496 284688 284624 284656 0 
