normalize_weights_kernel(double*, int, double*, double*, double*, int*)
11
32
0 2664 3438 5340 9954 18136 42416 63568 71248 73878 119630 153040 157072 161232 161232 178968 208534 208496 212982 226160 236916 294544 293200 292752 294352 297430 317852 319152 319152 319216 319248 69184 2664 0 2994 4524 8754 16936 40832 61984 69280 71526 117278 150752 154720 158880 158880 176616 206182 206144 210630 223808 234564 292192 290848 290400 292000 295078 315500 316800 316800 316864 316896 67696 3438 2994 0 1914 6528 14710 38990 60142 67822 70452 116204 149614 153646 157806 157806 175542 205108 205070 209556 222734 233490 291118 289774 289326 290926 294004 314426 315726 315726 315790 315822 65758 5340 4524 1914 0 4614 12796 37076 58228 65908 68538 114290 147700 151732 155892 155892 173628 203194 203156 207642 220820 231576 289204 287860 287412 289012 292090 312512 313812 313812 313876 313908 63844 9954 8754 6528 4614 0 8206 32486 53638 61294 63924 109676 143086 147118 151278 151278 169014 198580 198542 203028 216206 226962 284590 283246 282798 284398 287476 307898 309198 309198 309262 309294 59230 18136 16936 14710 12796 8206 0 24280 45432 53112 55742 101494 134904 138936 143096 143096 160832 190398 190360 194846 208024 218780 276408 275064 274616 276216 279294 299716 301016 301016 301080 301112 51048 42416 40832 38990 37076 32486 24280 0 21152 28832 31462 77214 110624 114656 118816 118816 136552 166118 166080 170566 183744 194500 252128 250784 250336 251936 255014 275436 276736 276736 276800 276832 26864 63568 61984 60142 58228 53638 45432 21152 0 7680 10438 56062 89664 93504 97664 97664 115400 144966 144992 149414 162848 173412 230976 232320 229184 230848 233862 254348 255776 255584 255648 255680 12528 71248 69280 67822 65908 61294 53112 28832 7680 0 2758 48382 81984 85824 89984 89984 107720 137286 137312 141734 155168 165732 223296 224640 224704 223168 226182 246668 248096 247904 247968 248000 6000 73878 71526 70452 68538 63924 55742 31462 10438 2758 0 45816 79290 83450 87354 87354 105090 134656 134618 139104 152474 163102 220666 221882 222458 220794 223552 243974 245338 245466 245402 245370 4694 119630 117278 116204 114290 109676 101494 77214 56062 48382 45816 0 33666 37634 41602 41602 59338 88904 88930 93352 106786 117350 174914 176258 176642 175042 177800 198286 199714 199650 199586 199618 50510 153040 150752 149614 147700 143086 134904 110624 89664 81984 79290 33666 0 4288 8192 8192 25928 55494 55456 59942 73248 83940 141504 142656 143296 141632 144390 164812 166112 166304 166240 166208 83856 157072 154720 153646 151732 147118 138936 114656 93504 85824 83450 37634 4288 0 4160 4160 21896 51462 51488 55910 69344 79908 137472 138816 139008 137408 140358 160844 162272 162080 162144 162176 88144 161232 158880 157806 155892 151278 143096 118816 97664 89984 87354 41602 8192 4160 0 0 17736 47302 47328 51750 65248 75812 133312 134656 135104 133504 136198 156684 158112 158112 158048 158016 92048 161232 158880 157806 155892 151278 143096 118816 97664 89984 87354 41602 8192 4160 0 0 17736 47302 47328 51750 65248 75812 133312 134656 135104 133504 136198 156684 158112 158112 158048 158016 92048 178968 176616 175542 173628 169014 160832 136552 115400 107720 105090 59338 25928 21896 17736 17736 0 29566 29592 34014 47512 58076 115576 116920 117368 115768 118462 138948 140376 140376 140312 140280 109784 208534 206182 205108 203194 198580 190398 166118 144966 137286 134656 88904 55494 51462 47302 47302 29566 0 38 4460 17958 28522 86022 87366 87814 86214 88908 109394 110822 110822 110758 110726 139350 208496 206144 205070 203156 198542 190360 166080 144992 137312 134618 88930 55456 51488 47328 47328 29592 38 0 4486 17920 28484 86048 87328 87840 86176 88934 109356 110784 110848 110784 110752 139312 212982 210630 209556 207642 203028 194846 170566 149414 141734 139104 93352 59942 55910 51750 51750 34014 4460 4486 0 13498 24062 81562 82906 83354 81754 84448 104934 106362 106362 106298 106266 143798 226160 223808 222734 220820 216206 208024 183744 162848 155168 152474 106786 73248 69344 65248 65248 47512 17958 17920 13498 0 10756 68384 69472 70112 68448 71270 91692 92992 93120 93056 93088 157040 236916 234564 233490 231576 226962 218780 194500 173412 165732 163102 117350 83940 79908 75812 75812 58076 28522 28484 24062 10756 0 57628 58908 59356 57692 60514 80936 82364 82364 82300 82332 167796 294544 292192 291118 289204 284590 276408 252128 230976 223296 220666 174914 141504 137472 133312 133312 115576 86022 86048 81562 68384 57628 0 1344 1792 192 2886 23372 24800 24800 24736 24704 225360 293200 290848 289774 287860 283246 275064 250784 232320 224640 221882 176258 142656 138816 134656 134656 116920 87366 87328 82906 69472 58908 1344 0 3136 1472 4230 24652 25952 26144 26080 26048 225776 292752 290400 289326 287412 282798 274616 250336 229184 224704 222458 176642 143296 139008 135104 135104 117368 87814 87840 83354 70112 59356 1792 3136 0 1664 4678 25164 26592 26400 26464 26496 226864 294352 292000 290926 289012 284398 276216 251936 230848 223168 220794 175042 141632 137408 133504 133504 115768 86214 86176 81754 68448 57692 192 1472 1664 0 3078 23500 24928 24800 24864 24896 225488 297430 295078 294004 292090 287476 279294 255014 233862 226182 223552 177800 144390 140358 136198 136198 118462 88908 88934 84448 71270 60514 2886 4230 4678 3078 0 20486 21914 21914 21850 21818 228246 317852 315500 314426 312512 307898 299716 275436 254348 246668 243974 198286 164812 160844 156684 156684 138948 109394 109356 104934 91692 80936 23372 24652 25164 23500 20486 0 1428 1492 1428 1396 248668 319152 316800 315726 313812 309198 301016 276736 255776 248096 245338 199714 166112 162272 158112 158112 140376 110822 110784 106362 92992 82364 24800 25952 26592 24928 21914 1428 0 192 128 96 249968 319152 316800 315726 313812 309198 301016 276736 255584 247904 245466 199650 166304 162080 158112 158112 140376 110822 110848 106362 93120 82364 24800 26144 26400 24800 21914 1492 192 0 64 96 250160 319216 316864 315790 313876 309262 301080 276800 255648 247968 245402 199586 166240 162144 158048 158048 140312 110758 110784 106298 93056 82300 24736 26080 26464 24864 21850 1428 128 64 0 32 250096 319248 316896 315822 313908 309294 301112 276832 255680 248000 245370 199618 166208 162176 158016 158016 140280 110726 110752 106266 93088 82332 24704 26048 26496 24896 21818 1396 96 96 32 0 250064 69184 67696 65758 63844 59230 51048 26864 12528 6000 4694 50510 83856 88144 92048 92048 109784 139350 139312 143798 157040 167796 225360 225776 226864 225488 228246 248668 249968 250160 250096 250064 0 
