normalize_weights_kernel(double*, int, double*, double*, double*, int*)
11
32
0 888 1146 1780 3318 8912 12976 18416 20976 21874 43842 58896 58896 58928 58928 62864 69426 69424 69426 69392 72752 90928 90704 90608 90832 90930 105476 106448 106448 106480 106480 24496 888 0 998 1508 2918 8512 12448 17888 20320 21090 43058 58112 58112 58144 58144 62080 68642 68640 68642 68608 71968 90144 89920 89824 90048 90146 104692 105664 105664 105696 105696 24000 1146 998 0 638 2176 7770 11834 17274 19834 20732 42700 57754 57754 57786 57786 61722 68284 68282 68284 68250 71610 89786 89562 89466 89690 89788 104334 105306 105306 105338 105338 23354 1780 1508 638 0 1538 7132 11196 16636 19196 20094 42062 57116 57116 57148 57148 61084 67646 67644 67646 67612 70972 89148 88924 88828 89052 89150 103696 104668 104668 104700 104700 22716 3318 2918 2176 1538 0 5602 9666 15106 17658 18556 40524 55578 55578 55610 55610 59546 66108 66106 66108 66074 69434 87610 87386 87290 87514 87612 102158 103130 103130 103162 103162 21178 8912 8512 7770 7132 5602 0 4064 9504 12064 12962 34930 49984 49984 50016 50016 53952 60514 60512 60514 60480 63840 82016 81792 81696 81920 82018 96564 97536 97536 97568 97568 15584 12976 12448 11834 11196 9666 4064 0 5440 8000 8898 30866 45920 45920 45952 45952 49888 56450 56448 56450 56416 59776 77952 77728 77632 77856 77954 92500 93472 93472 93504 93504 11552 18416 17888 17274 16636 15106 9504 5440 0 2560 3458 25426 40544 40480 40512 40512 44448 51010 51008 51010 51040 54400 72512 72736 72192 72480 72514 87124 88096 88032 88064 88064 6400 20976 20320 19834 19196 17658 12064 8000 2560 0 898 22866 37984 37920 37952 37952 41888 48450 48448 48450 48480 51840 69952 70176 70144 69920 69954 84564 85536 85472 85504 85504 4224 21874 21090 20732 20094 18556 12962 8898 3458 898 0 22032 37086 37086 37054 37054 40990 47552 47550 47552 47582 50942 69054 69278 69374 69150 69056 83666 84638 84638 84606 84606 3678 43842 43058 42700 42062 40524 34930 30866 25426 22866 22032 0 15118 15054 15086 15086 19022 25584 25582 25584 25614 28974 47086 47310 47342 47118 47088 61698 62670 62606 62638 62638 19410 58896 58112 57754 57116 55578 49984 45920 40544 37984 37086 15118 0 64 32 32 3968 10530 10528 10530 10496 13856 32032 32192 32352 32064 32034 46580 47552 47616 47584 47584 34400 58896 58112 57754 57116 55578 49984 45920 40480 37920 37086 15054 64 0 32 32 3968 10530 10528 10530 10560 13920 32032 32256 32288 32064 32034 46644 47616 47552 47584 47584 34464 58928 58144 57786 57148 55610 50016 45952 40512 37952 37054 15086 32 32 0 0 3936 10498 10496 10498 10528 13888 32000 32224 32320 32096 32002 46612 47584 47584 47552 47552 34432 58928 58144 57786 57148 55610 50016 45952 40512 37952 37054 15086 32 32 0 0 3936 10498 10496 10498 10528 13888 32000 32224 32320 32096 32002 46612 47584 47584 47552 47552 34432 62864 62080 61722 61084 59546 53952 49888 44448 41888 40990 19022 3968 3968 3936 3936 0 6562 6560 6562 6592 9952 28064 28288 28384 28160 28066 42676 43648 43648 43616 43616 38368 69426 68642 68284 67646 66108 60514 56450 51010 48450 47552 25584 10530 10530 10498 10498 6562 0 2 4 34 3394 21506 21730 21826 21602 21508 36118 37090 37090 37058 37058 44930 69424 68640 68282 67644 66106 60512 56448 51008 48448 47550 25582 10528 10528 10496 10496 6560 2 0 2 32 3392 21504 21728 21824 21600 21506 36116 37088 37088 37056 37056 44928 69426 68642 68284 67646 66108 60514 56450 51010 48450 47552 25584 10530 10530 10498 10498 6562 4 2 0 34 3390 21502 21726 21822 21598 21504 36114 37086 37086 37054 37054 44930 69392 68608 68250 67612 66074 60480 56416 51040 48480 47582 25614 10496 10560 10528 10528 6592 34 32 34 0 3360 21536 21696 21856 21568 21538 36084 37056 37120 37088 37088 44896 72752 71968 71610 70972 69434 63840 59776 54400 51840 50942 28974 13856 13920 13888 13888 9952 3394 3392 3390 3360 0 18176 18336 18496 18208 18178 32724 33696 33760 33728 33728 48256 90928 90144 89786 89148 87610 82016 77952 72512 69952 69054 47086 32032 32032 32000 32000 28064 21506 21504 21502 21536 18176 0 224 320 96 2 14612 15584 15584 15552 15552 66432 90704 89920 89562 88924 87386 81792 77728 72736 70176 69278 47310 32192 32256 32224 32224 28288 21730 21728 21726 21696 18336 224 0 544 256 226 14772 15744 15808 15776 15776 66368 90608 89824 89466 88828 87290 81696 77632 72192 70144 69374 47342 32352 32288 32320 32320 28384 21826 21824 21822 21856 18496 320 544 0 288 322 14932 15904 15840 15872 15872 66656 90832 90048 89690 89052 87514 81920 77856 72480 69920 69150 47118 32064 32064 32096 32096 28160 21602 21600 21598 21568 18208 96 256 288 0 98 14644 15616 15616 15648 15648 66464 90930 90146 89788 89150 87612 82018 77954 72514 69954 69056 47088 32034 32034 32002 32002 28066 21508 21506 21504 21538 18178 2 226 322 98 0 14610 15582 15582 15550 15550 66434 105476 104692 104334 103696 102158 96564 92500 87124 84564 83666 61698 46580 46644 46612 46612 42676 36118 36116 36114 36084 32724 14612 14772 14932 14644 14610 0 972 1036 1004 1004 80980 106448 105664 105306 104668 103130 97536 93472 88096 85536 84638 62670 47552 47616 47584 47584 43648 37090 37088 37086 37056 33696 15584 15744 15904 15616 15582 972 0 64 32 32 81952 106448 105664 105306 104668 103130 97536 93472 88032 85472 84638 62606 47616 47552 47584 47584 43648 37090 37088 37086 37120 33760 15584 15808 15840 15616 15582 1036 64 0 32 32 82016 106480 105696 105338 104700 103162 97568 93504 88064 85504 84606 62638 47584 47584 47552 47552 43616 37058 37056 37054 37088 33728 15552 15776 15872 15648 15550 1004 32 32 0 0 81984 106480 105696 105338 104700 103162 97568 93504 88064 85504 84606 62638 47584 47584 47552 47552 43616 37058 37056 37054 37088 33728 15552 15776 15872 15648 15550 1004 32 32 0 0 81984 24496 24000 23354 22716 21178 15584 11552 6400 4224 3678 19410 34400 34464 34432 34432 38368 44930 44928 44930 44896 48256 66432 66368 66656 66464 66434 80980 81952 82016 81984 81984 0 
