normalize_weights_kernel(double*, int, double*, double*, double*, int*)
11
32
0 444 573 890 1659 7256 10072 12792 14072 14521 16958 18648 18648 18680 18680 22616 29177 29176 29177 29144 30554 38200 38168 38136 38168 38201 52748 53752 53720 53752 53752 11656 444 0 499 754 1459 7056 9808 12528 13744 14129 16566 18256 18256 18288 18288 22224 28785 28784 28785 28752 30162 37808 37776 37744 37776 37809 52356 53360 53328 53360 53360 11408 573 499 0 319 1088 6685 9501 12221 13501 13950 16387 18077 18077 18109 18109 22045 28606 28605 28606 28573 29983 37629 37597 37565 37597 37630 52177 53181 53149 53181 53181 11085 890 754 319 0 769 6366 9182 11902 13182 13631 16068 17758 17758 17790 17790 21726 28287 28286 28287 28254 29664 37310 37278 37246 37278 37311 51858 52862 52830 52862 52862 10766 1659 1459 1088 769 0 5601 8417 11137 12413 12862 15299 16989 16989 17021 17021 20957 27518 27517 27518 27485 28895 36541 36509 36477 36509 36542 51089 52093 52061 52093 52093 9997 7256 7056 6685 6366 5601 0 2816 5536 6816 7265 9702 11392 11392 11424 11424 15360 21921 21920 21921 21888 23298 30944 30912 30880 30912 30945 45492 46496 46464 46496 46496 4400 10072 9808 9501 9182 8417 2816 0 2720 4000 4449 6886 8576 8576 8608 8608 12544 19105 19104 19105 19072 20482 28128 28096 28064 28096 28129 42676 43680 43648 43680 43680 4560 12792 12528 12221 11902 11137 5536 2720 0 1280 1729 4166 5920 5856 5888 5888 9824 16385 16384 16385 16416 17826 25408 25440 25344 25376 25409 40020 40960 40928 40960 40960 4160 14072 13744 13501 13182 12413 6816 4000 1280 0 449 2886 4640 4576 4608 4608 8544 15105 15104 15105 15136 16546 24128 24160 24128 24096 24129 38740 39680 39648 39680 39680 3072 14521 14129 13950 13631 12862 7265 4449 1729 449 0 2501 4191 4191 4159 4159 8095 14656 14655 14656 14687 16097 23679 23711 23743 23711 23680 38291 39231 39263 39231 39231 2865 16958 16566 16387 16068 15299 9702 6886 4166 2886 2501 0 1754 1690 1722 1722 5658 12219 12218 12219 12250 13660 21242 21274 21242 21210 21243 35854 36794 36762 36794 36794 5366 18648 18256 18077 17758 16989 11392 8576 5920 4640 4191 1754 0 64 32 32 3968 10529 10528 10529 10496 11906 19552 19520 19616 19584 19553 34100 35104 35136 35104 35104 6992 18648 18256 18077 17758 16989 11392 8576 5856 4576 4191 1690 64 0 32 32 3968 10529 10528 10529 10560 11970 19552 19584 19552 19520 19553 34164 35104 35072 35104 35104 7056 18680 18288 18109 17790 17021 11424 8608 5888 4608 4159 1722 32 32 0 0 3936 10497 10496 10497 10528 11938 19520 19552 19584 19552 19521 34132 35072 35104 35072 35072 7024 18680 18288 18109 17790 17021 11424 8608 5888 4608 4159 1722 32 32 0 0 3936 10497 10496 10497 10528 11938 19520 19552 19584 19552 19521 34132 35072 35104 35072 35072 7024 22616 22224 22045 21726 20957 15360 12544 9824 8544 8095 5658 3968 3968 3936 3936 0 6561 6560 6561 6592 8002 15584 15616 15648 15616 15585 30196 31136 31168 31136 31136 10960 29177 28785 28606 28287 27518 21921 19105 16385 15105 14656 12219 10529 10529 10497 10497 6561 0 1 2 33 1443 9025 9057 9089 9057 9026 23637 24577 24609 24577 24577 17521 29176 28784 28605 28286 27517 21920 19104 16384 15104 14655 12218 10528 10528 10496 10496 6560 1 0 1 32 1442 9024 9056 9088 9056 9025 23636 24576 24608 24576 24576 17520 29177 28785 28606 28287 27518 21921 19105 16385 15105 14656 12219 10529 10529 10497 10497 6561 2 1 0 33 1441 9023 9055 9087 9055 9024 23635 24575 24607 24575 24575 17521 29144 28752 28573 28254 27485 21888 19072 16416 15136 14687 12250 10496 10560 10528 10528 6592 33 32 33 0 1410 9056 9024 9120 9088 9057 23604 24608 24640 24608 24608 17488 30554 30162 29983 29664 28895 23298 20482 17826 16546 16097 13660 11906 11970 11938 11938 8002 1443 1442 1441 1410 0 7646 7614 7710 7678 7647 22194 23198 23230 23198 23198 18898 38200 37808 37629 37310 36541 30944 28128 25408 24128 23679 21242 19552 19552 19520 19520 15584 9025 9024 9023 9056 7646 0 32 64 32 1 14612 15552 15584 15552 15552 26544 38168 37776 37597 37278 36509 30912 28096 25440 24160 23711 21274 19520 19584 19552 19552 15616 9057 9056 9055 9024 7614 32 0 96 64 33 14580 15584 15616 15584 15584 26512 38136 37744 37565 37246 36477 30880 28064 25344 24128 23743 21242 19616 19552 19584 19584 15648 9089 9088 9087 9120 7710 64 96 0 32 65 14676 15616 15584 15616 15616 26560 38168 37776 37597 37278 36509 30912 28096 25376 24096 23711 21210 19584 19520 19552 19552 15616 9057 9056 9055 9088 7678 32 64 32 0 33 14644 15584 15552 15584 15584 26576 38201 37809 37630 37311 36542 30945 28129 25409 24129 23680 21243 19553 19553 19521 19521 15585 9026 9025 9024 9057 7647 1 33 65 33 0 14611 15551 15583 15551 15551 26545 52748 52356 52177 51858 51089 45492 42676 40020 38740 38291 35854 34100 34164 34132 34132 30196 23637 23636 23635 23604 22194 14612 14580 14676 14644 14611 0 1004 1036 1004 1004 41092 53752 53360 53181 52862 52093 46496 43680 40960 39680 39231 36794 35104 35104 35072 35072 31136 24577 24576 24575 24608 23198 15552 15584 15616 15584 15551 1004 0 32 0 0 42096 53720 53328 53149 52830 52061 46464 43648 40928 39648 39263 36762 35136 35072 35104 35104 31168 24609 24608 24607 24640 23230 15584 15616 15584 15552 15583 1036 32 0 32 32 42128 53752 53360 53181 52862 52093 46496 43680 40960 39680 39231 36794 35104 35104 35072 35072 31136 24577 24576 24575 24608 23198 15552 15584 15616 15584 15551 1004 0 32 0 0 42096 53752 53360 53181 52862 52093 46496 43680 40960 39680 39231 36794 35104 35104 35072 35072 31136 24577 24576 24575 24608 23198 15552 15584 15616 15584 15551 1004 0 32 0 0 42096 11656 11408 11085 10766 9997 4400 4560 4160 3072 2865 5366 6992 7056 7024 7024 10960 17521 17520 17521 17488 18898 26544 26512 26560 26576 26545 41092 42096 42128 42096 42096 0 
