normalize_weights_kernel(double*, int, double*, double*, double*, int*)
11
32
0 1332 1719 2670 4977 10568 30376 43368 47208 48555 70522 85576 89576 93672 93672 97608 104171 104136 108619 121928 125288 143464 143080 142920 143336 146347 160892 161864 161832 161864 161896 39448 1332 0 1497 2262 4377 9968 29584 42576 46224 47379 69346 84400 88400 92496 92496 96432 102995 102960 107443 120752 124112 142288 141904 141744 142160 145171 159716 160688 160656 160688 160720 38704 1719 1497 0 957 3264 8855 28663 41655 45495 46842 68809 83863 87863 91959 91959 95895 102458 102423 106906 120215 123575 141751 141367 141207 141623 144634 159179 160151 160119 160151 160183 37735 2670 2262 957 0 2307 7898 27706 40698 44538 45885 67852 82906 86906 91002 91002 94938 101501 101466 105949 119258 122618 140794 140410 140250 140666 143677 158222 159194 159162 159194 159226 36778 4977 4377 3264 2307 0 5603 25411 38403 42231 43578 65545 80599 84599 88695 88695 92631 99194 99159 103642 116951 120311 138487 138103 137943 138359 141370 155915 156887 156855 156887 156919 34471 10568 9968 8855 7898 5603 0 19808 32800 36640 37987 59954 75008 79008 83104 83104 87040 93603 93568 98051 111360 114720 132896 132512 132352 132768 135779 150324 151296 151264 151296 151328 28880 30376 29584 28663 27706 25411 19808 0 12992 16832 18179 40146 55200 59200 63296 63296 67232 73795 73760 78243 91552 94912 113088 112704 112544 112960 115971 130516 131488 131456 131488 131520 9360 43368 42576 41655 40698 38403 32800 12992 0 3840 5187 27154 42272 46208 50304 50304 54240 60803 60832 65251 78624 81984 100096 100480 99552 100032 102979 117588 118560 118464 118496 118528 12992 47208 46224 45495 44538 42231 36640 16832 3840 0 1347 23314 38432 42368 46464 46464 50400 56963 56992 61411 74784 78144 96256 96640 96608 96192 99139 113748 114720 114624 114656 114688 9728 48555 47379 46842 45885 43578 37987 18179 5187 1347 0 22031 37085 41149 45117 45117 49053 55616 55645 60064 73437 76797 94909 95293 95453 95037 97792 112401 113373 113405 113373 113341 9107 70522 69346 68809 67852 65545 59954 40146 27154 23314 22031 0 15118 19118 23150 23150 27086 33649 33678 38097 51470 54830 72942 73326 73422 73006 75825 90434 91406 91374 91342 91374 31138 85576 84400 83863 82906 80599 75008 55200 42272 38432 37085 15118 0 4128 8096 8096 12032 18595 18560 23043 36352 39712 57888 58208 58432 57952 60771 75316 76288 76384 76352 76320 46128 89576 88400 87863 86906 84599 79008 59200 46208 42368 41149 19118 4128 0 4096 4096 8032 14595 14624 19043 32416 35776 53888 54272 54304 53888 56771 71380 72352 72256 72288 72320 50256 93672 92496 91959 91002 88695 83104 63296 50304 46464 45117 23150 8096 4096 0 0 3936 10499 10528 14947 28320 31680 49792 50176 50336 49920 52675 67284 68256 68288 68256 68224 54224 93672 92496 91959 91002 88695 83104 63296 50304 46464 45117 23150 8096 4096 0 0 3936 10499 10528 14947 28320 31680 49792 50176 50336 49920 52675 67284 68256 68288 68256 68224 54224 97608 96432 95895 94938 92631 87040 67232 54240 50400 49053 27086 12032 8032 3936 3936 0 6563 6592 11011 24384 27744 45856 46240 46400 45984 48739 63348 64320 64352 64320 64288 58160 104171 102995 102458 101501 99194 93603 73795 60803 56963 55616 33649 18595 14595 10499 10499 6563 0 35 4454 17827 21187 39299 39683 39843 39427 42182 56791 57763 57795 57763 57731 64723 104136 102960 102423 101466 99159 93568 73760 60832 56992 55645 33678 18560 14624 10528 10528 6592 35 0 4483 17792 21152 39328 39648 39872 39392 42211 56756 57728 57824 57792 57760 64688 108619 107443 106906 105949 103642 98051 78243 65251 61411 60064 38097 23043 19043 14947 14947 11011 4454 4483 0 13373 16733 34845 35229 35389 34973 37728 52337 53309 53341 53309 53277 69171 121928 120752 120215 119258 116951 111360 91552 78624 74784 73437 51470 36352 32416 28320 28320 24384 17827 17792 13373 0 3360 21536 21856 22080 21600 24419 38964 39936 40032 40000 39968 82480 125288 124112 123575 122618 120311 114720 94912 81984 78144 76797 54830 39712 35776 31680 31680 27744 21187 21152 16733 3360 0 18176 18496 18720 18240 21059 35604 36576 36672 36640 36608 85840 143464 142288 141751 140794 138487 132896 113088 100096 96256 94909 72942 57888 53888 49792 49792 45856 39299 39328 34845 21536 18176 0 384 544 128 2883 17492 18464 18496 18464 18432 104016 143080 141904 141367 140410 138103 132512 112704 100480 96640 95293 73326 58208 54272 50176 50176 46240 39683 39648 35229 21856 18496 384 0 928 448 3267 17812 18784 18880 18848 18816 103968 142920 141744 141207 140250 137943 132352 112544 99552 96608 95453 73422 58432 54304 50336 50336 46400 39843 39872 35389 22080 18720 544 928 0 480 3427 18036 19008 18912 18944 18976 104416 143336 142160 141623 140666 138359 132768 112960 100032 96192 95037 73006 57952 53888 49920 49920 45984 39427 39392 34973 21600 18240 128 448 480 0 3011 17556 18528 18496 18528 18560 104080 146347 145171 144634 143677 141370 135779 115971 102979 99139 97792 75825 60771 56771 52675 52675 48739 42182 42211 37728 24419 21059 2883 3267 3427 3011 0 14609 15581 15613 15581 15549 106899 160892 159716 159179 158222 155915 150324 130516 117588 113748 112401 90434 75316 71380 67284 67284 63348 56791 56756 52337 38964 35604 17492 17812 18036 17556 14609 0 972 1068 1036 1004 121444 161864 160688 160151 159194 156887 151296 131488 118560 114720 113373 91406 76288 72352 68256 68256 64320 57763 57728 53309 39936 36576 18464 18784 19008 18528 15581 972 0 96 64 32 122416 161832 160656 160119 159162 156855 151264 131456 118464 114624 113405 91374 76384 72256 68288 68288 64352 57795 57824 53341 40032 36672 18496 18880 18912 18496 15613 1068 96 0 32 64 122512 161864 160688 160151 159194 156887 151296 131488 118496 114656 113373 91342 76352 72288 68256 68256 64320 57763 57792 53309 40000 36640 18464 18848 18944 18528 15581 1036 64 32 0 32 122480 161896 160720 160183 159226 156919 151328 131520 118528 114688 113341 91374 76320 72320 68224 68224 64288 57731 57760 53277 39968 36608 18432 18816 18976 18560 15549 1004 32 64 32 0 122448 39448 38704 37735 36778 34471 28880 9360 12992 9728 9107 31138 46128 50256 54224 54224 58160 64723 64688 69171 82480 85840 104016 103968 104416 104080 106899 121444 122416 122512 122480 122448 0 
