sum_kernel(double*, int)
11
32
0 191 350 666 1434 7034 9850 12570 13850 14299 16736 18426 18426 18458 18458 22394 28954 28954 28954 28922 30332 37978 37946 37914 37946 37979 52526 53530 53498 53530 53530 11506 191 0 159 479 1247 6847 9663 12383 13663 14112 16549 18239 18239 18271 18271 22207 28767 28767 28767 28735 30145 37791 37759 37727 37759 37792 52339 53343 53311 53343 53343 11319 350 159 0 320 1088 6688 9504 12224 13504 13953 16390 18080 18080 18112 18112 22048 28608 28608 28608 28576 29986 37632 37600 37568 37600 37633 52180 53184 53152 53184 53184 11160 666 479 320 0 768 6368 9184 11904 13184 13633 16070 17760 17760 17792 17792 21728 28288 28288 28288 28256 29666 37312 37280 37248 37280 37313 51860 52864 52832 52864 52864 10840 1434 1247 1088 768 0 5600 8416 11136 12416 12865 15302 16992 16992 17024 17024 20960 27520 27520 27520 27488 28898 36544 36512 36480 36512 36545 51092 52096 52064 52096 52096 10072 7034 6847 6688 6368 5600 0 2816 5536 6816 7265 9702 11392 11392 11424 11424 15360 21920 21920 21920 21888 23298 30944 30912 30880 30912 30945 45492 46496 46464 46496 46496 4472 9850 9663 9504 9184 8416 2816 0 2720 4000 4449 6886 8576 8576 8608 8608 12544 19104 19104 19104 19072 20482 28128 28096 28064 28096 28129 42676 43680 43648 43680 43680 4568 12570 12383 12224 11904 11136 5536 2720 0 1280 1729 4166 5920 5856 5888 5888 9824 16384 16384 16384 16416 17826 25408 25440 25344 25376 25409 40020 40960 40928 40960 40960 4120 13850 13663 13504 13184 12416 6816 4000 1280 0 449 2886 4640 4576 4608 4608 8544 15104 15104 15104 15136 16546 24128 24160 24128 24096 24129 38740 39680 39648 39680 39680 3000 14299 14112 13953 13633 12865 7265 4449 1729 449 0 2501 4191 4191 4159 4159 8095 14655 14655 14655 14687 16097 23679 23711 23743 23711 23680 38291 39231 39263 39231 39231 2793 16736 16549 16390 16070 15302 9702 6886 4166 2886 2501 0 1754 1690 1722 1722 5658 12218 12218 12218 12250 13660 21242 21274 21242 21210 21243 35854 36794 36762 36794 36794 5294 18426 18239 18080 17760 16992 11392 8576 5920 4640 4191 1754 0 64 32 32 3968 10528 10528 10528 10496 11906 19552 19520 19616 19584 19553 34100 35104 35136 35104 35104 6920 18426 18239 18080 17760 16992 11392 8576 5856 4576 4191 1690 64 0 32 32 3968 10528 10528 10528 10560 11970 19552 19584 19552 19520 19553 34164 35104 35072 35104 35104 6984 18458 18271 18112 17792 17024 11424 8608 5888 4608 4159 1722 32 32 0 0 3936 10496 10496 10496 10528 11938 19520 19552 19584 19552 19521 34132 35072 35104 35072 35072 6952 18458 18271 18112 17792 17024 11424 8608 5888 4608 4159 1722 32 32 0 0 3936 10496 10496 10496 10528 11938 19520 19552 19584 19552 19521 34132 35072 35104 35072 35072 6952 22394 22207 22048 21728 20960 15360 12544 9824 8544 8095 5658 3968 3968 3936 3936 0 6560 6560 6560 6592 8002 15584 15616 15648 15616 15585 30196 31136 31168 31136 31136 10888 28954 28767 28608 28288 27520 21920 19104 16384 15104 14655 12218 10528 10528 10496 10496 6560 0 0 0 32 1442 9024 9056 9088 9056 9025 23636 24576 24608 24576 24576 17448 28954 28767 28608 28288 27520 21920 19104 16384 15104 14655 12218 10528 10528 10496 10496 6560 0 0 0 32 1442 9024 9056 9088 9056 9025 23636 24576 24608 24576 24576 17448 28954 28767 28608 28288 27520 21920 19104 16384 15104 14655 12218 10528 10528 10496 10496 6560 0 0 0 32 1442 9024 9056 9088 9056 9025 23636 24576 24608 24576 24576 17448 28922 28735 28576 28256 27488 21888 19072 16416 15136 14687 12250 10496 10560 10528 10528 6592 32 32 32 0 1410 9056 9024 9120 9088 9057 23604 24608 24640 24608 24608 17416 30332 30145 29986 29666 28898 23298 20482 17826 16546 16097 13660 11906 11970 11938 11938 8002 1442 1442 1442 1410 0 7646 7614 7710 7678 7647 22194 23198 23230 23198 23198 18826 37978 37791 37632 37312 36544 30944 28128 25408 24128 23679 21242 19552 19552 19520 19520 15584 9024 9024 9024 9056 7646 0 32 64 32 1 14612 15552 15584 15552 15552 26472 37946 37759 37600 37280 36512 30912 28096 25440 24160 23711 21274 19520 19584 19552 19552 15616 9056 9056 9056 9024 7614 32 0 96 64 33 14580 15584 15616 15584 15584 26440 37914 37727 37568 37248 36480 30880 28064 25344 24128 23743 21242 19616 19552 19584 19584 15648 9088 9088 9088 9120 7710 64 96 0 32 65 14676 15616 15584 15616 15616 26488 37946 37759 37600 37280 36512 30912 28096 25376 24096 23711 21210 19584 19520 19552 19552 15616 9056 9056 9056 9088 7678 32 64 32 0 33 14644 15584 15552 15584 15584 26504 37979 37792 37633 37313 36545 30945 28129 25409 24129 23680 21243 19553 19553 19521 19521 15585 9025 9025 9025 9057 7647 1 33 65 33 0 14611 15551 15583 15551 15551 26473 52526 52339 52180 51860 51092 45492 42676 40020 38740 38291 35854 34100 34164 34132 34132 30196 23636 23636 23636 23604 22194 14612 14580 14676 14644 14611 0 1004 1036 1004 1004 41020 53530 53343 53184 52864 52096 46496 43680 40960 39680 39231 36794 35104 35104 35072 35072 31136 24576 24576 24576 24608 23198 15552 15584 15616 15584 15551 1004 0 32 0 0 42024 53498 53311 53152 52832 52064 46464 43648 40928 39648 39263 36762 35136 35072 35104 35104 31168 24608 24608 24608 24640 23230 15584 15616 15584 15552 15583 1036 32 0 32 32 42056 53530 53343 53184 52864 52096 46496 43680 40960 39680 39231 36794 35104 35104 35072 35072 31136 24576 24576 24576 24608 23198 15552 15584 15616 15584 15551 1004 0 32 0 0 42024 53530 53343 53184 52864 52096 46496 43680 40960 39680 39231 36794 35104 35104 35072 35072 31136 24576 24576 24576 24608 23198 15552 15584 15616 15584 15551 1004 0 32 0 0 42024 11506 11319 11160 10840 10072 4472 4568 4120 3000 2793 5294 6920 6984 6952 6952 10888 17448 17448 17448 17416 18826 26472 26440 26488 26504 26473 41020 42024 42056 42024 42024 0 
