sum_kernel(double*, int)
11
32
0 2411 3213 5116 9729 17914 42194 63346 71026 73656 119408 152818 156850 161010 161010 178746 208311 208274 212759 225938 236694 294322 292978 292530 294130 297208 317630 318930 318930 318994 319026 69034 2411 0 2590 4121 8350 16535 40431 61583 68879 71259 117011 150421 154453 158613 158613 176349 205914 205877 210362 223541 234297 291925 290581 290133 291733 294811 315233 316533 316533 316597 316629 67319 3213 2590 0 1915 6528 14713 38993 60145 67825 70455 116207 149617 153649 157809 157809 175545 205110 205073 209558 222737 233493 291121 289777 289329 290929 294007 314429 315729 315729 315793 315825 65833 5116 4121 1915 0 4613 12798 37078 58230 65910 68540 114292 147702 151734 155894 155894 173630 203195 203158 207643 220822 231578 289206 287862 287414 289014 292092 312514 313814 313814 313878 313910 63918 9729 8350 6528 4613 0 8205 32485 53637 61297 63927 109679 143089 147121 151281 151281 169017 198582 198545 203030 216209 226965 284593 283249 282801 284401 287479 307901 309201 309201 309265 309297 59305 17914 16535 14713 12798 8205 0 24280 45432 53112 55742 101494 134904 138936 143096 143096 160832 190397 190360 194845 208024 218780 276408 275064 274616 276216 279294 299716 301016 301016 301080 301112 51120 42194 40431 38993 37078 32485 24280 0 21152 28832 31462 77214 110624 114656 118816 118816 136552 166117 166080 170565 183744 194500 252128 250784 250336 251936 255014 275436 276736 276736 276800 276832 26888 63346 61583 60145 58230 53637 45432 21152 0 7680 10438 56062 89664 93504 97664 97664 115400 144965 144992 149413 162848 173412 230976 232320 229184 230848 233862 254348 255776 255584 255648 255680 12456 71026 68879 67825 65910 61297 53112 28832 7680 0 2758 48382 81984 85824 89984 89984 107720 137285 137312 141733 155168 165732 223296 224640 224704 223168 226182 246668 248096 247904 247968 248000 5928 73656 71259 70455 68540 63927 55742 31462 10438 2758 0 45816 79290 83450 87354 87354 105090 134655 134618 139103 152474 163102 220666 221882 222458 220794 223552 243974 245338 245466 245402 245370 4622 119408 117011 116207 114292 109679 101494 77214 56062 48382 45816 0 33666 37634 41602 41602 59338 88903 88930 93351 106786 117350 174914 176258 176642 175042 177800 198286 199714 199650 199586 199618 50438 152818 150421 149617 147702 143089 134904 110624 89664 81984 79290 33666 0 4288 8192 8192 25928 55493 55456 59941 73248 83940 141504 142656 143296 141632 144390 164812 166112 166304 166240 166208 83784 156850 154453 153649 151734 147121 138936 114656 93504 85824 83450 37634 4288 0 4160 4160 21896 51461 51488 55909 69344 79908 137472 138816 139008 137408 140358 160844 162272 162080 162144 162176 88072 161010 158613 157809 155894 151281 143096 118816 97664 89984 87354 41602 8192 4160 0 0 17736 47301 47328 51749 65248 75812 133312 134656 135104 133504 136198 156684 158112 158112 158048 158016 91976 161010 158613 157809 155894 151281 143096 118816 97664 89984 87354 41602 8192 4160 0 0 17736 47301 47328 51749 65248 75812 133312 134656 135104 133504 136198 156684 158112 158112 158048 158016 91976 178746 176349 175545 173630 169017 160832 136552 115400 107720 105090 59338 25928 21896 17736 17736 0 29565 29592 34013 47512 58076 115576 116920 117368 115768 118462 138948 140376 140376 140312 140280 109712 208311 205914 205110 203195 198582 190397 166117 144965 137285 134655 88903 55493 51461 47301 47301 29565 0 37 4458 17957 28521 86021 87365 87813 86213 88907 109393 110821 110821 110757 110725 139277 208274 205877 205073 203158 198545 190360 166080 144992 137312 134618 88930 55456 51488 47328 47328 29592 37 0 4485 17920 28484 86048 87328 87840 86176 88934 109356 110784 110848 110784 110752 139240 212759 210362 209558 207643 203030 194845 170565 149413 141733 139103 93351 59941 55909 51749 51749 34013 4458 4485 0 13499 24063 81563 82907 83355 81755 84449 104935 106363 106363 106299 106267 143725 225938 223541 222737 220822 216209 208024 183744 162848 155168 152474 106786 73248 69344 65248 65248 47512 17957 17920 13499 0 10756 68384 69472 70112 68448 71270 91692 92992 93120 93056 93088 156968 236694 234297 233493 231578 226965 218780 194500 173412 165732 163102 117350 83940 79908 75812 75812 58076 28521 28484 24063 10756 0 57628 58908 59356 57692 60514 80936 82364 82364 82300 82332 167724 294322 291925 291121 289206 284593 276408 252128 230976 223296 220666 174914 141504 137472 133312 133312 115576 86021 86048 81563 68384 57628 0 1344 1792 192 2886 23372 24800 24800 24736 24704 225288 292978 290581 289777 287862 283249 275064 250784 232320 224640 221882 176258 142656 138816 134656 134656 116920 87365 87328 82907 69472 58908 1344 0 3136 1472 4230 24652 25952 26144 26080 26048 225752 292530 290133 289329 287414 282801 274616 250336 229184 224704 222458 176642 143296 139008 135104 135104 117368 87813 87840 83355 70112 59356 1792 3136 0 1664 4678 25164 26592 26400 26464 26496 226792 294130 291733 290929 289014 284401 276216 251936 230848 223168 220794 175042 141632 137408 133504 133504 115768 86213 86176 81755 68448 57692 192 1472 1664 0 3078 23500 24928 24800 24864 24896 225416 297208 294811 294007 292092 287479 279294 255014 233862 226182 223552 177800 144390 140358 136198 136198 118462 88907 88934 84449 71270 60514 2886 4230 4678 3078 0 20486 21914 21914 21850 21818 228174 317630 315233 314429 312514 307901 299716 275436 254348 246668 243974 198286 164812 160844 156684 156684 138948 109393 109356 104935 91692 80936 23372 24652 25164 23500 20486 0 1428 1492 1428 1396 248596 318930 316533 315729 313814 309201 301016 276736 255776 248096 245338 199714 166112 162272 158112 158112 140376 110821 110784 106363 92992 82364 24800 25952 26592 24928 21914 1428 0 192 128 96 249896 318930 316533 315729 313814 309201 301016 276736 255584 247904 245466 199650 166304 162080 158112 158112 140376 110821 110848 106363 93120 82364 24800 26144 26400 24800 21914 1492 192 0 64 96 250088 318994 316597 315793 313878 309265 301080 276800 255648 247968 245402 199586 166240 162144 158048 158048 140312 110757 110784 106299 93056 82300 24736 26080 26464 24864 21850 1428 128 64 0 32 250024 319026 316629 315825 313910 309297 301112 276832 255680 248000 245370 199618 166208 162176 158016 158016 140280 110725 110752 106267 93088 82332 24704 26048 26496 24896 21818 1396 96 96 32 0 249992 69034 67319 65833 63918 59305 51120 26888 12456 5928 4622 50438 83784 88072 91976 91976 109712 139277 139240 143725 156968 167724 225288 225752 226792 225416 228174 248596 249896 250088 250024 249992 0 
