sum_kernel(double*, int)
11
32
0 2855 3786 6006 18290 32562 58090 81962 90898 94033 139848 173290 177322 193870 202346 220082 249616 250698 262800 275978 286734 344362 342818 342410 344234 347377 368176 370762 370826 370890 370922 86338 2855 0 3089 4875 16711 30983 56063 79935 88423 91194 137009 170451 174483 191031 199507 217243 246777 247859 259961 273139 283895 341523 339979 339571 341395 344538 365337 367923 367987 368051 368083 84375 3786 3089 0 2234 14518 28790 54318 78190 87126 90261 136076 169518 173550 190098 198574 216310 245844 246926 259028 272206 282962 340590 339046 338638 340462 343605 364404 366990 367054 367118 367150 82566 6006 4875 2234 0 12284 26556 52084 75956 84892 88027 133842 167284 171316 187864 196340 214076 243610 244692 256794 269972 280728 338356 336812 336404 338228 341371 362170 364756 364820 364884 364916 80332 18290 16711 14518 12284 0 14296 39824 63696 72608 75743 121558 155000 159032 175580 184056 201792 231326 232408 244510 257688 268444 326072 324528 324120 325944 329087 349886 352472 352536 352600 352632 68048 32562 30983 28790 26556 14296 0 25528 49400 58336 61471 107286 140728 144760 161308 169784 187520 217054 218136 230238 243416 254172 311800 310256 309848 311672 314815 335614 338200 338264 338328 338360 53776 58090 56063 54318 52084 39824 25528 0 23872 32808 35943 81758 115200 119232 135780 144256 161992 191526 192608 204710 217888 228644 286272 284728 284320 286144 289287 310086 312672 312736 312800 312832 28312 81962 79935 78190 75956 63696 49400 23872 0 9000 12263 57886 91520 95360 111908 120384 138120 167654 168800 180838 194272 204836 262400 264120 260448 262336 265415 286278 289056 288864 288928 288960 16728 90898 88423 87126 84892 72608 58336 32808 9000 0 3263 48950 82520 86424 102972 111448 129184 158718 159800 171902 185272 195836 253464 255120 255224 253336 256479 277278 280056 279928 279992 280024 9088 94033 91194 90261 88027 75743 61471 35943 12263 3263 0 45815 79321 83417 99837 108313 126049 155583 156665 168767 182009 192701 250329 251857 252409 250521 253344 274143 276793 276857 276857 276889 7759 139848 137009 136076 133842 121558 107286 81758 57886 48950 45815 0 33698 37602 54022 62498 80234 109768 110914 122952 136386 146950 204514 206234 206594 204770 207529 228392 231170 231042 231042 231074 53574 173290 170451 169518 167284 155000 140728 115200 91520 82520 79321 33698 0 4288 20580 29056 46792 76390 77408 89510 102816 113508 171072 172600 173280 171392 174087 194886 197600 197728 197664 197632 86952 177322 174483 173550 171316 159032 144760 119232 95360 86424 83417 37602 4288 0 16548 25024 42760 72294 73440 85478 98912 109476 167040 168760 168992 167168 170055 190918 193696 193504 193568 193600 91176 193870 191031 190098 187864 175580 161308 135780 111908 102972 99837 54022 20580 16548 0 8476 26212 55810 56892 68930 82428 92992 150492 152212 152700 150876 153507 174370 177212 177148 177084 177052 107532 202346 199507 198574 196340 184056 169784 144256 120384 111448 108313 62498 29056 25024 8476 0 17736 47334 48416 60454 73952 84516 142016 143736 144224 142400 145031 165894 168736 168672 168608 168576 116008 220082 217243 216310 214076 201792 187520 161992 138120 129184 126049 80234 46792 42760 26212 17736 0 29598 30680 42718 56216 66780 124280 126000 126488 124664 127295 148158 151000 150936 150872 150840 133744 249616 246777 245844 243610 231326 217054 191526 167654 158718 155583 109768 76390 72294 55810 47334 29598 0 1158 13196 26630 37194 94758 96478 96902 95078 97773 118636 121414 121350 121286 121318 163278 250698 247859 246926 244692 232408 218136 192608 168800 159800 156665 110914 77408 73440 56892 48416 30680 1158 0 12102 25536 36100 93664 95320 95872 93984 96679 117478 120320 120320 120256 120224 164360 262800 259961 259028 256794 244510 230238 204710 180838 171902 168767 122952 89510 85478 68930 60454 42718 13196 12102 0 13498 24062 81562 83282 83770 81946 84577 105440 108282 108218 108154 108122 176462 275978 273139 272206 269972 257688 243416 217888 194272 185272 182009 136386 102816 98912 82428 73952 56216 26630 25536 13498 0 10756 68384 69848 70528 68640 71399 92198 94784 94976 94912 94944 189640 286734 283895 282962 280728 268444 254172 228644 204836 195836 192701 146950 113508 109476 92992 84516 66780 37194 36100 24062 10756 0 57628 59284 59772 57884 60643 81442 84220 84220 84156 84188 200396 344362 341523 340590 338356 326072 311800 286272 262400 253464 250329 204514 171072 167040 150492 142016 124280 94758 93664 81562 68384 57628 0 1720 2208 384 3015 23878 26720 26656 26592 26560 258024 342818 339979 339046 336812 324528 310256 284728 264120 255120 251857 206234 172600 168760 152212 143736 126000 96478 95320 83282 69848 59284 1720 0 3752 1864 4559 25358 28008 28200 28136 28104 258720 342410 339571 338638 336404 324120 309848 284320 260448 255224 252409 206594 173280 168992 152700 144224 126488 96902 95872 83770 70528 59772 2208 3752 0 1888 4967 25830 28608 28416 28480 28512 259832 344234 341395 340462 338228 325944 311672 286144 262336 253336 250521 204770 171392 167168 150876 142400 124664 95078 93984 81946 68640 57884 384 1864 1888 0 3143 23942 26720 26592 26656 26688 258280 347377 344538 343605 341371 329087 314815 289287 265415 256479 253344 207529 174087 170055 153507 145031 127295 97773 96679 84577 71399 60643 3015 4559 4967 3143 0 20863 23705 23641 23577 23545 261039 368176 365337 364404 362170 349886 335614 310086 286278 277278 274143 228392 194886 190918 174370 165894 148158 118636 117478 105440 92198 81442 23878 25358 25830 23942 20863 0 2842 2842 2778 2746 281838 370762 367923 366990 364756 352472 338200 312672 289056 280056 276793 231170 197600 193696 177212 168736 151000 121414 120320 108282 94784 84220 26720 28008 28608 26720 23705 2842 0 192 128 160 284424 370826 367987 367054 364820 352536 338264 312736 288864 279928 276857 231042 197728 193504 177148 168672 150936 121350 120320 108218 94976 84220 26656 28200 28416 26592 23641 2842 192 0 64 96 284616 370890 368051 367118 364884 352600 338328 312800 288928 279992 276857 231042 197664 193568 177084 168608 150872 121286 120256 108154 94912 84156 26592 28136 28480 26656 23577 2778 128 64 0 32 284552 370922 368083 367150 364916 352632 338360 312832 288960 280024 276889 231074 197632 193600 177052 168576 150840 121318 120224 108122 94944 84188 26560 28104 28512 26688 23545 2746 160 96 32 0 284584 86338 84375 82566 80332 68048 53776 28312 16728 9088 7759 53574 86952 91176 107532 116008 133744 163278 164360 176462 189640 200396 258024 258720 259832 258280 261039 281838 284424 284616 284552 284584 0 
