sum_kernel(double*, int)
11
32
0 635 921 1556 3093 8690 12754 18194 20754 21652 43620 58674 58674 58706 58706 62642 69203 69202 69203 69170 72530 90706 90482 90386 90610 90708 105254 106226 106226 106258 106258 24346 635 0 594 1105 2514 8111 12125 17565 20125 21023 42991 58045 58045 58077 58077 62013 68574 68573 68574 68541 71901 90077 89853 89757 89981 90079 104625 105597 105597 105629 105629 23717 921 594 0 639 2176 7773 11837 17277 19837 20735 42703 57757 57757 57789 57789 61725 68286 68285 68286 68253 71613 89789 89565 89469 89693 89791 104337 105309 105309 105341 105341 23429 1556 1105 639 0 1537 7134 11198 16638 19198 20096 42064 57118 57118 57150 57150 61086 67647 67646 67647 67614 70974 89150 88926 88830 89054 89152 103698 104670 104670 104702 104702 22790 3093 2514 2176 1537 0 5601 9665 15105 17661 18559 40527 55581 55581 55613 55613 59549 66110 66109 66110 66077 69437 87613 87389 87293 87517 87615 102161 103133 103133 103165 103165 21253 8690 8111 7773 7134 5601 0 4064 9504 12064 12962 34930 49984 49984 50016 50016 53952 60513 60512 60513 60480 63840 82016 81792 81696 81920 82018 96564 97536 97536 97568 97568 15656 12754 12125 11837 11198 9665 4064 0 5440 8000 8898 30866 45920 45920 45952 45952 49888 56449 56448 56449 56416 59776 77952 77728 77632 77856 77954 92500 93472 93472 93504 93504 11592 18194 17565 17277 16638 15105 9504 5440 0 2560 3458 25426 40544 40480 40512 40512 44448 51009 51008 51009 51040 54400 72512 72736 72192 72480 72514 87124 88096 88032 88064 88064 6392 20754 20125 19837 19198 17661 12064 8000 2560 0 898 22866 37984 37920 37952 37952 41888 48449 48448 48449 48480 51840 69952 70176 70144 69920 69954 84564 85536 85472 85504 85504 4200 21652 21023 20735 20096 18559 12962 8898 3458 898 0 22032 37086 37086 37054 37054 40990 47551 47550 47551 47582 50942 69054 69278 69374 69150 69056 83666 84638 84638 84606 84606 3654 43620 42991 42703 42064 40527 34930 30866 25426 22866 22032 0 15118 15054 15086 15086 19022 25583 25582 25583 25614 28974 47086 47310 47342 47118 47088 61698 62670 62606 62638 62638 19338 58674 58045 57757 57118 55581 49984 45920 40544 37984 37086 15118 0 64 32 32 3968 10529 10528 10529 10496 13856 32032 32192 32352 32064 32034 46580 47552 47616 47584 47584 34328 58674 58045 57757 57118 55581 49984 45920 40480 37920 37086 15054 64 0 32 32 3968 10529 10528 10529 10560 13920 32032 32256 32288 32064 32034 46644 47616 47552 47584 47584 34392 58706 58077 57789 57150 55613 50016 45952 40512 37952 37054 15086 32 32 0 0 3936 10497 10496 10497 10528 13888 32000 32224 32320 32096 32002 46612 47584 47584 47552 47552 34360 58706 58077 57789 57150 55613 50016 45952 40512 37952 37054 15086 32 32 0 0 3936 10497 10496 10497 10528 13888 32000 32224 32320 32096 32002 46612 47584 47584 47552 47552 34360 62642 62013 61725 61086 59549 53952 49888 44448 41888 40990 19022 3968 3968 3936 3936 0 6561 6560 6561 6592 9952 28064 28288 28384 28160 28066 42676 43648 43648 43616 43616 38296 69203 68574 68286 67647 66110 60513 56449 51009 48449 47551 25583 10529 10529 10497 10497 6561 0 1 2 33 3393 21505 21729 21825 21601 21507 36117 37089 37089 37057 37057 44857 69202 68573 68285 67646 66109 60512 56448 51008 48448 47550 25582 10528 10528 10496 10496 6560 1 0 1 32 3392 21504 21728 21824 21600 21506 36116 37088 37088 37056 37056 44856 69203 68574 68286 67647 66110 60513 56449 51009 48449 47551 25583 10529 10529 10497 10497 6561 2 1 0 33 3391 21503 21727 21823 21599 21505 36115 37087 37087 37055 37055 44857 69170 68541 68253 67614 66077 60480 56416 51040 48480 47582 25614 10496 10560 10528 10528 6592 33 32 33 0 3360 21536 21696 21856 21568 21538 36084 37056 37120 37088 37088 44824 72530 71901 71613 70974 69437 63840 59776 54400 51840 50942 28974 13856 13920 13888 13888 9952 3393 3392 3391 3360 0 18176 18336 18496 18208 18178 32724 33696 33760 33728 33728 48184 90706 90077 89789 89150 87613 82016 77952 72512 69952 69054 47086 32032 32032 32000 32000 28064 21505 21504 21503 21536 18176 0 224 320 96 2 14612 15584 15584 15552 15552 66360 90482 89853 89565 88926 87389 81792 77728 72736 70176 69278 47310 32192 32256 32224 32224 28288 21729 21728 21727 21696 18336 224 0 544 256 226 14772 15744 15808 15776 15776 66344 90386 89757 89469 88830 87293 81696 77632 72192 70144 69374 47342 32352 32288 32320 32320 28384 21825 21824 21823 21856 18496 320 544 0 288 322 14932 15904 15840 15872 15872 66584 90610 89981 89693 89054 87517 81920 77856 72480 69920 69150 47118 32064 32064 32096 32096 28160 21601 21600 21599 21568 18208 96 256 288 0 98 14644 15616 15616 15648 15648 66392 90708 90079 89791 89152 87615 82018 77954 72514 69954 69056 47088 32034 32034 32002 32002 28066 21507 21506 21505 21538 18178 2 226 322 98 0 14610 15582 15582 15550 15550 66362 105254 104625 104337 103698 102161 96564 92500 87124 84564 83666 61698 46580 46644 46612 46612 42676 36117 36116 36115 36084 32724 14612 14772 14932 14644 14610 0 972 1036 1004 1004 80908 106226 105597 105309 104670 103133 97536 93472 88096 85536 84638 62670 47552 47616 47584 47584 43648 37089 37088 37087 37056 33696 15584 15744 15904 15616 15582 972 0 64 32 32 81880 106226 105597 105309 104670 103133 97536 93472 88032 85472 84638 62606 47616 47552 47584 47584 43648 37089 37088 37087 37120 33760 15584 15808 15840 15616 15582 1036 64 0 32 32 81944 106258 105629 105341 104702 103165 97568 93504 88064 85504 84606 62638 47584 47584 47552 47552 43616 37057 37056 37055 37088 33728 15552 15776 15872 15648 15550 1004 32 32 0 0 81912 106258 105629 105341 104702 103165 97568 93504 88064 85504 84606 62638 47584 47584 47552 47552 43616 37057 37056 37055 37088 33728 15552 15776 15872 15648 15550 1004 32 32 0 0 81912 24346 23717 23429 22790 21253 15656 11592 6392 4200 3654 19338 34328 34392 34360 34360 38296 44857 44856 44857 44824 48184 66360 66344 66584 66392 66362 80908 81880 81944 81912 81912 0 
